"id"	"species"	"count"	"height_from"	"height_to"	"age"
1	"Bene"	12.5	0.016	0.017	1
1	"Bene"	12.5	0.011	0.014	1
1	"Bene"	12.5	0.018	0.027	1
1	"Bene"	12.5	0.018	0.022	1
1	"Bene"	12.5	0.012	0.017	1
1	"Bene"	12.5	0.019	0.024	1
1	"Bene"	12.5	0.01	0.018	1
1	"Bene"	12.5	0.012	0.017	1
1	"Bene"	12.5	0.012	0.015	1
1	"Bene"	12.5	0.012	0.014	1
1	"Bene"	12.5	0.013	0.015	1
1	"Bene"	12.5	0.018	0.022	1
1	"Bene"	12.5	0.013	0.015	1
1	"Bene"	12.5	0.019	0.024	1
1	"Bene"	12.5	0.019	0.024	1
1	"Bene"	12.5	0.02	0.029	1
1	"Bene"	12.5	0.013	0.021	1
1	"Bene"	12.5	0.014	0.018	1
1	"Bene"	12.5	0.02	0.028	1
1	"Bene"	12.5	0.014	0.02	1
8	"Bene"	5.5555555	0.011	0.019	1
8	"Bene"	5.5555555	0.013	0.017	1
8	"Bene"	5.5555555	0.013	0.021	1
8	"Bene"	5.5555555	0.013	0.022	1
8	"Bene"	5.5555555	0.014	0.02	1
8	"Bene"	5.5555555	0.016	0.024	1
8	"Bene"	5.5555555	0.011	0.013	1
8	"Bene"	5.5555555	0.017	0.026	1
8	"Bene"	5.5555555	0.019	0.021	1
8	"Bene"	5.5555555	0.014	0.022	1
8	"Bene"	5.5555555	0.013	0.02	1
8	"Bene"	5.5555555	0.018	0.028	1
8	"Bene"	5.5555555	0.014	0.019	1
8	"Bene"	5.5555555	0.012	0.018	1
8	"Bene"	5.5555555	0.012	0.017	1
8	"Bene"	5.5555555	0.011	0.02	1
8	"Bene"	5.5555555	0.019	0.02	1
8	"Bene"	5.5555555	0.013	0.015	1
8	"Bene"	5.5555555	0.013	0.016	1
8	"Bene"	5.5555555	0.01	0.017	1
9	"Bene"	25	0.018	0.024	1
9	"Bene"	25	0.019	0.024	1
9	"Bene"	25	0.02	0.03	1
9	"Bene"	25	0.014	0.022	1
9	"Bene"	25	0.017	0.02	1
9	"Bene"	25	0.018	0.027	1
9	"Bene"	25	0.015	0.017	1
9	"Bene"	25	0.011	0.016	1
9	"Bene"	25	0.011	0.021	1
9	"Bene"	25	0.018	0.027	1
9	"Bene"	25	0.011	0.017	1
9	"Bene"	25	0.017	0.021	1
9	"Bene"	25	0.013	0.015	1
9	"Bene"	25	0.018	0.025	1
9	"Bene"	25	0.016	0.019	1
9	"Bene"	25	0.014	0.021	1
9	"Bene"	25	0.015	0.021	1
9	"Bene"	25	0.02	0.027	1
9	"Bene"	25	0.014	0.021	1
9	"Bene"	25	0.02	0.022	1
34	"Bene"	8.3333335	0.01	0.018	1
34	"Bene"	8.3333335	0.012	0.019	1
34	"Bene"	8.3333335	0.01	0.011	1
34	"Bene"	8.3333335	0.018	0.025	1
34	"Bene"	8.3333335	0.013	0.019	1
34	"Bene"	8.3333335	0.015	0.02	1
34	"Bene"	8.3333335	0.014	0.017	1
34	"Bene"	8.3333335	0.015	0.02	1
34	"Bene"	8.3333335	0.017	0.026	1
34	"Bene"	8.3333335	0.014	0.02	1
34	"Bene"	8.3333335	0.017	0.024	1
34	"Bene"	8.3333335	0.01	0.014	1
34	"Bene"	8.3333335	0.011	0.012	1
34	"Bene"	8.3333335	0.016	0.019	1
34	"Bene"	8.3333335	0.016	0.025	1
34	"Bene"	8.3333335	0.01	0.014	1
34	"Bene"	8.3333335	0.02	0.023	1
34	"Bene"	8.3333335	0.013	0.017	1
34	"Bene"	8.3333335	0.018	0.023	1
34	"Bene"	8.3333335	0.014	0.019	1
35	"Bene"	29.1666665	0.012	0.02	1
35	"Bene"	29.1666665	0.012	0.015	1
35	"Bene"	29.1666665	0.018	0.023	1
35	"Bene"	29.1666665	0.011	0.02	1
35	"Bene"	29.1666665	0.014	0.022	1
35	"Bene"	29.1666665	0.017	0.026	1
35	"Bene"	29.1666665	0.013	0.021	1
35	"Bene"	29.1666665	0.014	0.017	1
35	"Bene"	29.1666665	0.012	0.015	1
35	"Bene"	29.1666665	0.015	0.021	1
35	"Bene"	29.1666665	0.017	0.026	1
35	"Bene"	29.1666665	0.017	0.025	1
35	"Bene"	29.1666665	0.017	0.02	1
35	"Bene"	29.1666665	0.018	0.023	1
35	"Bene"	29.1666665	0.014	0.018	1
35	"Bene"	29.1666665	0.016	0.021	1
35	"Bene"	29.1666665	0.015	0.017	1
35	"Bene"	29.1666665	0.015	0.025	1
35	"Bene"	29.1666665	0.02	0.026	1
35	"Bene"	29.1666665	0.015	0.025	1
38	"Bene"	16.6666665	0.019	0.02	1
38	"Bene"	16.6666665	0.016	0.018	1
38	"Bene"	16.6666665	0.015	0.023	1
38	"Bene"	16.6666665	0.019	0.027	1
38	"Bene"	16.6666665	0.011	0.015	1
38	"Bene"	16.6666665	0.011	0.016	1
38	"Bene"	16.6666665	0.012	0.018	1
38	"Bene"	16.6666665	0.015	0.016	1
38	"Bene"	16.6666665	0.011	0.013	1
38	"Bene"	16.6666665	0.013	0.017	1
38	"Bene"	16.6666665	0.014	0.02	1
38	"Bene"	16.6666665	0.013	0.021	1
38	"Bene"	16.6666665	0.019	0.029	1
38	"Bene"	16.6666665	0.013	0.015	1
38	"Bene"	16.6666665	0.013	0.017	1
38	"Bene"	16.6666665	0.014	0.022	1
38	"Bene"	16.6666665	0.02	0.03	1
38	"Bene"	16.6666665	0.015	0.019	1
38	"Bene"	16.6666665	0.017	0.026	1
38	"Bene"	16.6666665	0.015	0.024	1
42	"Bene"	8.3333335	0.014	0.021	1
42	"Bene"	8.3333335	0.013	0.019	1
42	"Bene"	8.3333335	0.016	0.019	1
42	"Bene"	8.3333335	0.012	0.02	1
42	"Bene"	8.3333335	0.014	0.023	1
42	"Bene"	8.3333335	0.019	0.029	1
42	"Bene"	8.3333335	0.011	0.015	1
42	"Bene"	8.3333335	0.014	0.017	1
42	"Bene"	8.3333335	0.02	0.022	1
42	"Bene"	8.3333335	0.017	0.019	1
42	"Bene"	8.3333335	0.019	0.021	1
42	"Bene"	8.3333335	0.018	0.019	1
42	"Bene"	8.3333335	0.02	0.022	1
42	"Bene"	8.3333335	0.016	0.024	1
42	"Bene"	8.3333335	0.019	0.027	1
42	"Bene"	8.3333335	0.016	0.024	1
42	"Bene"	8.3333335	0.017	0.024	1
42	"Bene"	8.3333335	0.017	0.02	1
42	"Bene"	8.3333335	0.012	0.013	1
42	"Bene"	8.3333335	0.019	0.026	1
49	"Bene"	12.5	0.012	0.014	1
49	"Bene"	12.5	0.016	0.024	1
49	"Bene"	12.5	0.014	0.016	1
49	"Bene"	12.5	0.01	0.02	1
49	"Bene"	12.5	0.014	0.017	1
49	"Bene"	12.5	0.016	0.019	1
49	"Bene"	12.5	0.012	0.016	1
49	"Bene"	12.5	0.019	0.025	1
49	"Bene"	12.5	0.011	0.014	1
49	"Bene"	12.5	0.014	0.018	1
49	"Bene"	12.5	0.019	0.024	1
49	"Bene"	12.5	0.011	0.021	1
49	"Bene"	12.5	0.015	0.018	1
49	"Bene"	12.5	0.018	0.024	1
49	"Bene"	12.5	0.016	0.025	1
49	"Bene"	12.5	0.014	0.022	1
49	"Bene"	12.5	0.014	0.016	1
49	"Bene"	12.5	0.016	0.02	1
49	"Bene"	12.5	0.013	0.016	1
49	"Bene"	12.5	0.018	0.02	1
50	"Bene"	16.6666665	0.011	0.02	1
50	"Bene"	16.6666665	0.011	0.014	1
50	"Bene"	16.6666665	0.016	0.024	1
50	"Bene"	16.6666665	0.019	0.024	1
50	"Bene"	16.6666665	0.019	0.021	1
50	"Bene"	16.6666665	0.018	0.02	1
50	"Bene"	16.6666665	0.016	0.02	1
50	"Bene"	16.6666665	0.015	0.018	1
50	"Bene"	16.6666665	0.014	0.023	1
50	"Bene"	16.6666665	0.018	0.026	1
50	"Bene"	16.6666665	0.016	0.017	1
50	"Bene"	16.6666665	0.016	0.021	1
50	"Bene"	16.6666665	0.014	0.019	1
50	"Bene"	16.6666665	0.013	0.018	1
50	"Bene"	16.6666665	0.011	0.019	1
50	"Bene"	16.6666665	0.019	0.023	1
50	"Bene"	16.6666665	0.012	0.021	1
50	"Bene"	16.6666665	0.013	0.022	1
50	"Bene"	16.6666665	0.015	0.023	1
50	"Bene"	16.6666665	0.011	0.013	1
54	"Bene"	8.3333335	0.012	0.014	1
54	"Bene"	8.3333335	0.017	0.024	1
54	"Bene"	8.3333335	0.012	0.016	1
54	"Bene"	8.3333335	0.012	0.013	1
54	"Bene"	8.3333335	0.019	0.022	1
54	"Bene"	8.3333335	0.018	0.027	1
54	"Bene"	8.3333335	0.019	0.022	1
54	"Bene"	8.3333335	0.013	0.02	1
54	"Bene"	8.3333335	0.012	0.018	1
54	"Bene"	8.3333335	0.019	0.024	1
54	"Bene"	8.3333335	0.012	0.022	1
54	"Bene"	8.3333335	0.011	0.015	1
54	"Bene"	8.3333335	0.019	0.022	1
54	"Bene"	8.3333335	0.016	0.018	1
54	"Bene"	8.3333335	0.018	0.028	1
54	"Bene"	8.3333335	0.015	0.024	1
54	"Bene"	8.3333335	0.011	0.019	1
54	"Bene"	8.3333335	0.02	0.026	1
54	"Bene"	8.3333335	0.017	0.019	1
54	"Bene"	8.3333335	0.017	0.018	1
56	"Bene"	8.3333335	0.015	0.016	1
56	"Bene"	8.3333335	0.018	0.019	1
56	"Bene"	8.3333335	0.017	0.021	1
56	"Bene"	8.3333335	0.012	0.021	1
56	"Bene"	8.3333335	0.016	0.022	1
56	"Bene"	8.3333335	0.018	0.019	1
56	"Bene"	8.3333335	0.014	0.018	1
56	"Bene"	8.3333335	0.012	0.015	1
56	"Bene"	8.3333335	0.011	0.014	1
56	"Bene"	8.3333335	0.017	0.019	1
56	"Bene"	8.3333335	0.02	0.021	1
56	"Bene"	8.3333335	0.018	0.019	1
56	"Bene"	8.3333335	0.019	0.023	1
56	"Bene"	8.3333335	0.013	0.018	1
56	"Bene"	8.3333335	0.016	0.021	1
56	"Bene"	8.3333335	0.014	0.021	1
56	"Bene"	8.3333335	0.017	0.024	1
56	"Bene"	8.3333335	0.017	0.022	1
56	"Bene"	8.3333335	0.012	0.016	1
56	"Bene"	8.3333335	0.019	0.026	1
58	"Bene"	5.5555555	0.019	0.024	1
58	"Bene"	5.5555555	0.016	0.024	1
58	"Bene"	5.5555555	0.016	0.022	1
58	"Bene"	5.5555555	0.019	0.026	1
58	"Bene"	5.5555555	0.019	0.021	1
58	"Bene"	5.5555555	0.018	0.019	1
58	"Bene"	5.5555555	0.018	0.02	1
58	"Bene"	5.5555555	0.015	0.02	1
58	"Bene"	5.5555555	0.019	0.027	1
58	"Bene"	5.5555555	0.018	0.026	1
58	"Bene"	5.5555555	0.016	0.026	1
58	"Bene"	5.5555555	0.013	0.02	1
58	"Bene"	5.5555555	0.014	0.016	1
58	"Bene"	5.5555555	0.015	0.019	1
58	"Bene"	5.5555555	0.014	0.023	1
58	"Bene"	5.5555555	0.019	0.025	1
58	"Bene"	5.5555555	0.014	0.015	1
58	"Bene"	5.5555555	0.013	0.015	1
58	"Bene"	5.5555555	0.011	0.02	1
58	"Bene"	5.5555555	0.013	0.015	1
63	"Bene"	8.3333335	0.016	0.025	1
63	"Bene"	8.3333335	0.012	0.016	1
63	"Bene"	8.3333335	0.015	0.017	1
63	"Bene"	8.3333335	0.019	0.024	1
63	"Bene"	8.3333335	0.012	0.013	1
63	"Bene"	8.3333335	0.011	0.016	1
63	"Bene"	8.3333335	0.019	0.027	1
63	"Bene"	8.3333335	0.018	0.024	1
63	"Bene"	8.3333335	0.014	0.019	1
63	"Bene"	8.3333335	0.017	0.026	1
63	"Bene"	8.3333335	0.019	0.022	1
63	"Bene"	8.3333335	0.014	0.023	1
63	"Bene"	8.3333335	0.016	0.018	1
63	"Bene"	8.3333335	0.015	0.023	1
63	"Bene"	8.3333335	0.013	0.017	1
63	"Bene"	8.3333335	0.017	0.019	1
63	"Bene"	8.3333335	0.011	0.014	1
63	"Bene"	8.3333335	0.017	0.018	1
63	"Bene"	8.3333335	0.015	0.023	1
63	"Bene"	8.3333335	0.01	0.015	1
64	"Bene"	22.222222	0.012	0.015	1
64	"Bene"	22.222222	0.011	0.014	1
64	"Bene"	22.222222	0.012	0.015	1
64	"Bene"	22.222222	0.013	0.02	1
64	"Bene"	22.222222	0.01	0.016	1
64	"Bene"	22.222222	0.017	0.019	1
64	"Bene"	22.222222	0.011	0.018	1
64	"Bene"	22.222222	0.017	0.019	1
64	"Bene"	22.222222	0.014	0.016	1
64	"Bene"	22.222222	0.017	0.019	1
64	"Bene"	22.222222	0.02	0.028	1
64	"Bene"	22.222222	0.013	0.022	1
64	"Bene"	22.222222	0.013	0.02	1
64	"Bene"	22.222222	0.012	0.021	1
64	"Bene"	22.222222	0.015	0.017	1
64	"Bene"	22.222222	0.017	0.026	1
64	"Bene"	22.222222	0.018	0.021	1
64	"Bene"	22.222222	0.019	0.02	1
64	"Bene"	22.222222	0.017	0.018	1
64	"Bene"	22.222222	0.019	0.024	1
70	"Bene"	8.3333335	0.014	0.016	1
70	"Bene"	8.3333335	0.013	0.02	1
70	"Bene"	8.3333335	0.014	0.023	1
70	"Bene"	8.3333335	0.015	0.022	1
70	"Bene"	8.3333335	0.014	0.016	1
70	"Bene"	8.3333335	0.013	0.016	1
70	"Bene"	8.3333335	0.017	0.022	1
70	"Bene"	8.3333335	0.014	0.02	1
70	"Bene"	8.3333335	0.016	0.019	1
70	"Bene"	8.3333335	0.019	0.025	1
70	"Bene"	8.3333335	0.014	0.016	1
70	"Bene"	8.3333335	0.013	0.014	1
70	"Bene"	8.3333335	0.011	0.02	1
70	"Bene"	8.3333335	0.014	0.016	1
70	"Bene"	8.3333335	0.018	0.02	1
70	"Bene"	8.3333335	0.012	0.017	1
70	"Bene"	8.3333335	0.013	0.015	1
70	"Bene"	8.3333335	0.015	0.017	1
70	"Bene"	8.3333335	0.015	0.022	1
70	"Bene"	8.3333335	0.015	0.02	1
71	"Bene"	8.3333335	0.016	0.021	1
71	"Bene"	8.3333335	0.014	0.018	1
71	"Bene"	8.3333335	0.013	0.019	1
71	"Bene"	8.3333335	0.015	0.016	1
71	"Bene"	8.3333335	0.015	0.02	1
71	"Bene"	8.3333335	0.01	0.013	1
71	"Bene"	8.3333335	0.012	0.021	1
71	"Bene"	8.3333335	0.016	0.023	1
71	"Bene"	8.3333335	0.013	0.02	1
71	"Bene"	8.3333335	0.018	0.02	1
71	"Bene"	8.3333335	0.01	0.019	1
71	"Bene"	8.3333335	0.015	0.017	1
71	"Bene"	8.3333335	0.02	0.022	1
71	"Bene"	8.3333335	0.016	0.019	1
71	"Bene"	8.3333335	0.018	0.02	1
71	"Bene"	8.3333335	0.016	0.018	1
71	"Bene"	8.3333335	0.017	0.018	1
71	"Bene"	8.3333335	0.02	0.028	1
71	"Bene"	8.3333335	0.014	0.023	1
71	"Bene"	8.3333335	0.016	0.025	1
72	"Bene"	16.6666665	0.013	0.016	1
72	"Bene"	16.6666665	0.019	0.021	1
72	"Bene"	16.6666665	0.02	0.023	1
72	"Bene"	16.6666665	0.013	0.017	1
72	"Bene"	16.6666665	0.016	0.022	1
72	"Bene"	16.6666665	0.019	0.029	1
72	"Bene"	16.6666665	0.017	0.026	1
72	"Bene"	16.6666665	0.016	0.021	1
72	"Bene"	16.6666665	0.016	0.021	1
72	"Bene"	16.6666665	0.019	0.024	1
72	"Bene"	16.6666665	0.013	0.017	1
72	"Bene"	16.6666665	0.014	0.024	1
72	"Bene"	16.6666665	0.013	0.023	1
72	"Bene"	16.6666665	0.018	0.02	1
72	"Bene"	16.6666665	0.015	0.023	1
72	"Bene"	16.6666665	0.013	0.021	1
72	"Bene"	16.6666665	0.013	0.019	1
72	"Bene"	16.6666665	0.018	0.022	1
72	"Bene"	16.6666665	0.015	0.02	1
72	"Bene"	16.6666665	0.018	0.025	1
74	"Bene"	4.1666665	0.015	0.018	1
74	"Bene"	4.1666665	0.016	0.018	1
74	"Bene"	4.1666665	0.012	0.022	1
74	"Bene"	4.1666665	0.014	0.016	1
74	"Bene"	4.1666665	0.012	0.017	1
74	"Bene"	4.1666665	0.013	0.022	1
74	"Bene"	4.1666665	0.019	0.027	1
74	"Bene"	4.1666665	0.018	0.027	1
74	"Bene"	4.1666665	0.012	0.013	1
74	"Bene"	4.1666665	0.015	0.017	1
74	"Bene"	4.1666665	0.011	0.015	1
74	"Bene"	4.1666665	0.018	0.027	1
74	"Bene"	4.1666665	0.018	0.025	1
74	"Bene"	4.1666665	0.012	0.017	1
74	"Bene"	4.1666665	0.011	0.014	1
74	"Bene"	4.1666665	0.013	0.017	1
74	"Bene"	4.1666665	0.011	0.02	1
74	"Bene"	4.1666665	0.019	0.021	1
74	"Bene"	4.1666665	0.016	0.024	1
74	"Bene"	4.1666665	0.012	0.013	1
79	"Bene"	4.1666665	0.018	0.02	1
79	"Bene"	4.1666665	0.013	0.014	1
79	"Bene"	4.1666665	0.011	0.019	1
79	"Bene"	4.1666665	0.017	0.024	1
79	"Bene"	4.1666665	0.018	0.022	1
79	"Bene"	4.1666665	0.017	0.02	1
79	"Bene"	4.1666665	0.017	0.022	1
79	"Bene"	4.1666665	0.012	0.021	1
79	"Bene"	4.1666665	0.012	0.016	1
79	"Bene"	4.1666665	0.014	0.016	1
79	"Bene"	4.1666665	0.016	0.02	1
79	"Bene"	4.1666665	0.017	0.019	1
79	"Bene"	4.1666665	0.013	0.022	1
79	"Bene"	4.1666665	0.015	0.023	1
79	"Bene"	4.1666665	0.019	0.026	1
79	"Bene"	4.1666665	0.013	0.021	1
79	"Bene"	4.1666665	0.016	0.022	1
79	"Bene"	4.1666665	0.015	0.019	1
79	"Bene"	4.1666665	0.012	0.014	1
79	"Bene"	4.1666665	0.012	0.019	1
81	"Bene"	16.6666665	0.011	0.013	1
81	"Bene"	16.6666665	0.02	0.022	1
81	"Bene"	16.6666665	0.01	0.014	1
81	"Bene"	16.6666665	0.012	0.013	1
81	"Bene"	16.6666665	0.019	0.021	1
81	"Bene"	16.6666665	0.011	0.016	1
81	"Bene"	16.6666665	0.012	0.018	1
81	"Bene"	16.6666665	0.015	0.019	1
81	"Bene"	16.6666665	0.014	0.018	1
81	"Bene"	16.6666665	0.016	0.025	1
81	"Bene"	16.6666665	0.016	0.023	1
81	"Bene"	16.6666665	0.016	0.023	1
81	"Bene"	16.6666665	0.019	0.028	1
81	"Bene"	16.6666665	0.012	0.019	1
81	"Bene"	16.6666665	0.018	0.019	1
81	"Bene"	16.6666665	0.017	0.02	1
81	"Bene"	16.6666665	0.013	0.019	1
81	"Bene"	16.6666665	0.02	0.028	1
81	"Bene"	16.6666665	0.012	0.014	1
81	"Bene"	16.6666665	0.017	0.024	1
83	"Bene"	16.6666665	0.013	0.022	1
83	"Bene"	16.6666665	0.013	0.015	1
83	"Bene"	16.6666665	0.017	0.021	1
83	"Bene"	16.6666665	0.017	0.026	1
83	"Bene"	16.6666665	0.02	0.025	1
83	"Bene"	16.6666665	0.013	0.014	1
83	"Bene"	16.6666665	0.019	0.026	1
83	"Bene"	16.6666665	0.015	0.019	1
83	"Bene"	16.6666665	0.013	0.017	1
83	"Bene"	16.6666665	0.018	0.027	1
83	"Bene"	16.6666665	0.014	0.017	1
83	"Bene"	16.6666665	0.01	0.016	1
83	"Bene"	16.6666665	0.018	0.026	1
83	"Bene"	16.6666665	0.015	0.025	1
83	"Bene"	16.6666665	0.016	0.019	1
83	"Bene"	16.6666665	0.011	0.019	1
83	"Bene"	16.6666665	0.018	0.027	1
83	"Bene"	16.6666665	0.019	0.029	1
83	"Bene"	16.6666665	0.018	0.024	1
83	"Bene"	16.6666665	0.013	0.021	1
84	"Bene"	4.1666665	0.016	0.021	1
84	"Bene"	4.1666665	0.012	0.02	1
84	"Bene"	4.1666665	0.011	0.012	1
84	"Bene"	4.1666665	0.018	0.024	1
84	"Bene"	4.1666665	0.01	0.017	1
84	"Bene"	4.1666665	0.018	0.02	1
84	"Bene"	4.1666665	0.017	0.02	1
84	"Bene"	4.1666665	0.017	0.026	1
84	"Bene"	4.1666665	0.012	0.017	1
84	"Bene"	4.1666665	0.011	0.017	1
84	"Bene"	4.1666665	0.017	0.023	1
84	"Bene"	4.1666665	0.011	0.013	1
84	"Bene"	4.1666665	0.016	0.02	1
84	"Bene"	4.1666665	0.012	0.015	1
84	"Bene"	4.1666665	0.014	0.023	1
84	"Bene"	4.1666665	0.017	0.027	1
84	"Bene"	4.1666665	0.02	0.025	1
84	"Bene"	4.1666665	0.018	0.027	1
84	"Bene"	4.1666665	0.011	0.016	1
84	"Bene"	4.1666665	0.013	0.019	1
85	"Bene"	4.1666665	0.018	0.023	1
85	"Bene"	4.1666665	0.02	0.025	1
85	"Bene"	4.1666665	0.018	0.021	1
85	"Bene"	4.1666665	0.018	0.022	1
85	"Bene"	4.1666665	0.018	0.02	1
85	"Bene"	4.1666665	0.014	0.019	1
85	"Bene"	4.1666665	0.014	0.022	1
85	"Bene"	4.1666665	0.013	0.02	1
85	"Bene"	4.1666665	0.018	0.022	1
85	"Bene"	4.1666665	0.012	0.017	1
85	"Bene"	4.1666665	0.015	0.017	1
85	"Bene"	4.1666665	0.015	0.016	1
85	"Bene"	4.1666665	0.018	0.02	1
85	"Bene"	4.1666665	0.015	0.022	1
85	"Bene"	4.1666665	0.019	0.028	1
85	"Bene"	4.1666665	0.015	0.02	1
85	"Bene"	4.1666665	0.014	0.022	1
85	"Bene"	4.1666665	0.019	0.028	1
85	"Bene"	4.1666665	0.018	0.028	1
85	"Bene"	4.1666665	0.018	0.024	1
86	"Bene"	8.3333335	0.017	0.021	1
86	"Bene"	8.3333335	0.013	0.02	1
86	"Bene"	8.3333335	0.012	0.018	1
86	"Bene"	8.3333335	0.016	0.017	1
86	"Bene"	8.3333335	0.02	0.026	1
86	"Bene"	8.3333335	0.016	0.024	1
86	"Bene"	8.3333335	0.019	0.024	1
86	"Bene"	8.3333335	0.011	0.012	1
86	"Bene"	8.3333335	0.015	0.022	1
86	"Bene"	8.3333335	0.013	0.014	1
86	"Bene"	8.3333335	0.012	0.013	1
86	"Bene"	8.3333335	0.013	0.019	1
86	"Bene"	8.3333335	0.019	0.022	1
86	"Bene"	8.3333335	0.017	0.021	1
86	"Bene"	8.3333335	0.017	0.021	1
86	"Bene"	8.3333335	0.012	0.019	1
86	"Bene"	8.3333335	0.017	0.019	1
86	"Bene"	8.3333335	0.014	0.02	1
86	"Bene"	8.3333335	0.019	0.028	1
86	"Bene"	8.3333335	0.018	0.019	1
87	"Bene"	33.3333335	0.011	0.014	1
87	"Bene"	33.3333335	0.016	0.024	1
87	"Bene"	33.3333335	0.018	0.024	1
87	"Bene"	33.3333335	0.014	0.021	1
87	"Bene"	33.3333335	0.012	0.021	1
87	"Bene"	33.3333335	0.019	0.021	1
87	"Bene"	33.3333335	0.011	0.021	1
87	"Bene"	33.3333335	0.016	0.018	1
87	"Bene"	33.3333335	0.02	0.022	1
87	"Bene"	33.3333335	0.01	0.016	1
87	"Bene"	33.3333335	0.015	0.018	1
87	"Bene"	33.3333335	0.015	0.017	1
87	"Bene"	33.3333335	0.015	0.019	1
87	"Bene"	33.3333335	0.018	0.023	1
87	"Bene"	33.3333335	0.014	0.017	1
87	"Bene"	33.3333335	0.019	0.028	1
87	"Bene"	33.3333335	0.019	0.024	1
87	"Bene"	33.3333335	0.011	0.02	1
87	"Bene"	33.3333335	0.01	0.013	1
87	"Bene"	33.3333335	0.013	0.018	1
90	"Bene"	11.111111	0.015	0.017	1
90	"Bene"	11.111111	0.016	0.025	1
90	"Bene"	11.111111	0.014	0.018	1
90	"Bene"	11.111111	0.018	0.023	1
90	"Bene"	11.111111	0.012	0.014	1
90	"Bene"	11.111111	0.012	0.019	1
90	"Bene"	11.111111	0.015	0.023	1
90	"Bene"	11.111111	0.015	0.02	1
90	"Bene"	11.111111	0.011	0.019	1
90	"Bene"	11.111111	0.019	0.028	1
90	"Bene"	11.111111	0.01	0.011	1
90	"Bene"	11.111111	0.016	0.021	1
90	"Bene"	11.111111	0.018	0.027	1
90	"Bene"	11.111111	0.014	0.018	1
90	"Bene"	11.111111	0.013	0.017	1
90	"Bene"	11.111111	0.019	0.024	1
90	"Bene"	11.111111	0.017	0.022	1
90	"Bene"	11.111111	0.014	0.024	1
90	"Bene"	11.111111	0.019	0.02	1
90	"Bene"	11.111111	0.015	0.02	1
1	"Pima"	290	0.015	0.019	1
1	"Pima"	290	0.018	0.026	1
1	"Pima"	290	0.014	0.022	1
1	"Pima"	290	0.017	0.023	1
1	"Pima"	290	0.011	0.02	1
1	"Pima"	290	0.017	0.026	1
1	"Pima"	290	0.014	0.017	1
1	"Pima"	290	0.018	0.019	1
1	"Pima"	290	0.016	0.019	1
1	"Pima"	290	0.017	0.02	1
1	"Pima"	290	0.016	0.023	1
1	"Pima"	290	0.013	0.014	1
1	"Pima"	290	0.015	0.023	1
1	"Pima"	290	0.012	0.021	1
1	"Pima"	290	0.02	0.025	1
1	"Pima"	290	0.014	0.022	1
1	"Pima"	290	0.01	0.019	1
1	"Pima"	290	0.017	0.018	1
1	"Pima"	290	0.014	0.019	1
1	"Pima"	290	0.011	0.017	1
2	"Pima"	375	0.012	0.016	1
2	"Pima"	375	0.015	0.018	1
2	"Pima"	375	0.011	0.016	1
2	"Pima"	375	0.013	0.015	1
2	"Pima"	375	0.019	0.024	1
2	"Pima"	375	0.018	0.026	1
2	"Pima"	375	0.014	0.019	1
2	"Pima"	375	0.014	0.016	1
2	"Pima"	375	0.017	0.026	1
2	"Pima"	375	0.013	0.02	1
2	"Pima"	375	0.014	0.017	1
2	"Pima"	375	0.012	0.017	1
2	"Pima"	375	0.013	0.018	1
2	"Pima"	375	0.016	0.026	1
2	"Pima"	375	0.012	0.016	1
2	"Pima"	375	0.01	0.016	1
2	"Pima"	375	0.014	0.019	1
2	"Pima"	375	0.015	0.021	1
2	"Pima"	375	0.02	0.028	1
2	"Pima"	375	0.017	0.025	1
3	"Pima"	300	0.015	0.02	1
3	"Pima"	300	0.02	0.023	1
3	"Pima"	300	0.017	0.018	1
3	"Pima"	300	0.014	0.021	1
3	"Pima"	300	0.01	0.013	1
3	"Pima"	300	0.012	0.018	1
3	"Pima"	300	0.018	0.025	1
3	"Pima"	300	0.019	0.022	1
3	"Pima"	300	0.02	0.028	1
3	"Pima"	300	0.019	0.02	1
3	"Pima"	300	0.015	0.019	1
3	"Pima"	300	0.017	0.022	1
3	"Pima"	300	0.019	0.029	1
3	"Pima"	300	0.017	0.019	1
3	"Pima"	300	0.01	0.019	1
3	"Pima"	300	0.011	0.019	1
3	"Pima"	300	0.014	0.016	1
3	"Pima"	300	0.014	0.02	1
3	"Pima"	300	0.014	0.021	1
3	"Pima"	300	0.016	0.018	1
4	"Pima"	775	0.016	0.023	1
4	"Pima"	775	0.016	0.022	1
4	"Pima"	775	0.012	0.018	1
4	"Pima"	775	0.011	0.014	1
4	"Pima"	775	0.012	0.016	1
4	"Pima"	775	0.015	0.018	1
4	"Pima"	775	0.017	0.023	1
4	"Pima"	775	0.011	0.019	1
4	"Pima"	775	0.013	0.018	1
4	"Pima"	775	0.016	0.021	1
4	"Pima"	775	0.01	0.014	1
4	"Pima"	775	0.017	0.021	1
4	"Pima"	775	0.013	0.018	1
4	"Pima"	775	0.015	0.019	1
4	"Pima"	775	0.011	0.019	1
4	"Pima"	775	0.018	0.026	1
4	"Pima"	775	0.015	0.018	1
4	"Pima"	775	0.014	0.018	1
4	"Pima"	775	0.011	0.02	1
4	"Pima"	775	0.02	0.022	1
5	"Pima"	490	0.014	0.017	1
5	"Pima"	490	0.014	0.022	1
5	"Pima"	490	0.011	0.02	1
5	"Pima"	490	0.019	0.023	1
5	"Pima"	490	0.011	0.018	1
5	"Pima"	490	0.012	0.018	1
5	"Pima"	490	0.015	0.019	1
5	"Pima"	490	0.018	0.025	1
5	"Pima"	490	0.014	0.022	1
5	"Pima"	490	0.012	0.018	1
5	"Pima"	490	0.018	0.027	1
5	"Pima"	490	0.015	0.021	1
5	"Pima"	490	0.02	0.027	1
5	"Pima"	490	0.014	0.019	1
5	"Pima"	490	0.013	0.021	1
5	"Pima"	490	0.018	0.022	1
5	"Pima"	490	0.016	0.024	1
5	"Pima"	490	0.016	0.026	1
5	"Pima"	490	0.013	0.019	1
5	"Pima"	490	0.015	0.02	1
6	"Pima"	260	0.019	0.028	1
6	"Pima"	260	0.016	0.025	1
6	"Pima"	260	0.013	0.014	1
6	"Pima"	260	0.018	0.022	1
6	"Pima"	260	0.01	0.017	1
6	"Pima"	260	0.018	0.024	1
6	"Pima"	260	0.013	0.015	1
6	"Pima"	260	0.018	0.025	1
6	"Pima"	260	0.017	0.02	1
6	"Pima"	260	0.011	0.013	1
6	"Pima"	260	0.013	0.018	1
6	"Pima"	260	0.013	0.019	1
6	"Pima"	260	0.016	0.02	1
6	"Pima"	260	0.011	0.018	1
6	"Pima"	260	0.018	0.026	1
6	"Pima"	260	0.019	0.025	1
6	"Pima"	260	0.02	0.025	1
6	"Pima"	260	0.013	0.016	1
6	"Pima"	260	0.012	0.02	1
6	"Pima"	260	0.016	0.025	1
7	"Pima"	800	0.015	0.017	1
7	"Pima"	800	0.017	0.026	1
7	"Pima"	800	0.017	0.02	1
7	"Pima"	800	0.016	0.025	1
7	"Pima"	800	0.015	0.021	1
7	"Pima"	800	0.016	0.024	1
7	"Pima"	800	0.012	0.019	1
7	"Pima"	800	0.016	0.022	1
7	"Pima"	800	0.012	0.015	1
7	"Pima"	800	0.017	0.026	1
7	"Pima"	800	0.011	0.016	1
7	"Pima"	800	0.014	0.019	1
7	"Pima"	800	0.011	0.013	1
7	"Pima"	800	0.016	0.022	1
7	"Pima"	800	0.016	0.02	1
7	"Pima"	800	0.013	0.019	1
7	"Pima"	800	0.011	0.016	1
7	"Pima"	800	0.014	0.022	1
7	"Pima"	800	0.014	0.021	1
7	"Pima"	800	0.012	0.016	1
8	"Pima"	460	0.019	0.029	1
8	"Pima"	460	0.01	0.016	1
8	"Pima"	460	0.013	0.018	1
8	"Pima"	460	0.019	0.028	1
8	"Pima"	460	0.013	0.019	1
8	"Pima"	460	0.01	0.015	1
8	"Pima"	460	0.017	0.022	1
8	"Pima"	460	0.011	0.013	1
8	"Pima"	460	0.01	0.016	1
8	"Pima"	460	0.014	0.02	1
8	"Pima"	460	0.016	0.017	1
8	"Pima"	460	0.02	0.022	1
8	"Pima"	460	0.019	0.022	1
8	"Pima"	460	0.016	0.02	1
8	"Pima"	460	0.02	0.022	1
8	"Pima"	460	0.011	0.016	1
8	"Pima"	460	0.014	0.016	1
8	"Pima"	460	0.016	0.019	1
8	"Pima"	460	0.018	0.027	1
8	"Pima"	460	0.014	0.017	1
9	"Pima"	240	0.014	0.023	1
9	"Pima"	240	0.012	0.015	1
9	"Pima"	240	0.013	0.016	1
9	"Pima"	240	0.015	0.018	1
9	"Pima"	240	0.013	0.015	1
9	"Pima"	240	0.02	0.023	1
9	"Pima"	240	0.018	0.025	1
9	"Pima"	240	0.012	0.017	1
9	"Pima"	240	0.012	0.019	1
9	"Pima"	240	0.014	0.024	1
9	"Pima"	240	0.013	0.017	1
9	"Pima"	240	0.016	0.02	1
9	"Pima"	240	0.02	0.027	1
9	"Pima"	240	0.019	0.025	1
9	"Pima"	240	0.019	0.023	1
9	"Pima"	240	0.01	0.019	1
9	"Pima"	240	0.016	0.02	1
9	"Pima"	240	0.01	0.019	1
9	"Pima"	240	0.013	0.017	1
9	"Pima"	240	0.015	0.025	1
10	"Pima"	600	0.016	0.026	1
10	"Pima"	600	0.018	0.02	1
10	"Pima"	600	0.013	0.017	1
10	"Pima"	600	0.016	0.018	1
10	"Pima"	600	0.013	0.021	1
10	"Pima"	600	0.017	0.02	1
10	"Pima"	600	0.017	0.022	1
10	"Pima"	600	0.017	0.026	1
10	"Pima"	600	0.018	0.023	1
10	"Pima"	600	0.017	0.02	1
10	"Pima"	600	0.017	0.024	1
10	"Pima"	600	0.012	0.02	1
10	"Pima"	600	0.019	0.028	1
10	"Pima"	600	0.011	0.018	1
10	"Pima"	600	0.018	0.026	1
10	"Pima"	600	0.013	0.015	1
10	"Pima"	600	0.018	0.027	1
10	"Pima"	600	0.015	0.022	1
10	"Pima"	600	0.018	0.021	1
10	"Pima"	600	0.019	0.023	1
11	"Pima"	565	0.016	0.023	1
11	"Pima"	565	0.014	0.023	1
11	"Pima"	565	0.02	0.023	1
11	"Pima"	565	0.012	0.014	1
11	"Pima"	565	0.012	0.022	1
11	"Pima"	565	0.013	0.015	1
11	"Pima"	565	0.016	0.023	1
11	"Pima"	565	0.018	0.026	1
11	"Pima"	565	0.015	0.024	1
11	"Pima"	565	0.018	0.027	1
11	"Pima"	565	0.013	0.017	1
11	"Pima"	565	0.011	0.012	1
11	"Pima"	565	0.016	0.021	1
11	"Pima"	565	0.013	0.018	1
11	"Pima"	565	0.02	0.024	1
11	"Pima"	565	0.019	0.027	1
11	"Pima"	565	0.019	0.029	1
11	"Pima"	565	0.02	0.022	1
11	"Pima"	565	0.018	0.027	1
11	"Pima"	565	0.015	0.02	1
12	"Pima"	175	0.019	0.024	1
12	"Pima"	175	0.011	0.012	1
12	"Pima"	175	0.02	0.027	1
12	"Pima"	175	0.015	0.017	1
12	"Pima"	175	0.012	0.02	1
12	"Pima"	175	0.011	0.021	1
12	"Pima"	175	0.015	0.02	1
12	"Pima"	175	0.013	0.019	1
12	"Pima"	175	0.012	0.017	1
12	"Pima"	175	0.015	0.02	1
12	"Pima"	175	0.014	0.024	1
12	"Pima"	175	0.015	0.02	1
12	"Pima"	175	0.016	0.021	1
12	"Pima"	175	0.014	0.021	1
12	"Pima"	175	0.014	0.022	1
12	"Pima"	175	0.018	0.02	1
12	"Pima"	175	0.015	0.016	1
12	"Pima"	175	0.012	0.018	1
12	"Pima"	175	0.02	0.028	1
12	"Pima"	175	0.011	0.013	1
13	"Pima"	90	0.016	0.018	1
13	"Pima"	90	0.013	0.017	1
13	"Pima"	90	0.015	0.017	1
13	"Pima"	90	0.01	0.018	1
13	"Pima"	90	0.02	0.023	1
13	"Pima"	90	0.012	0.021	1
13	"Pima"	90	0.012	0.014	1
13	"Pima"	90	0.014	0.021	1
13	"Pima"	90	0.019	0.022	1
13	"Pima"	90	0.017	0.022	1
13	"Pima"	90	0.013	0.019	1
13	"Pima"	90	0.018	0.027	1
13	"Pima"	90	0.012	0.02	1
13	"Pima"	90	0.016	0.022	1
13	"Pima"	90	0.011	0.017	1
13	"Pima"	90	0.017	0.026	1
13	"Pima"	90	0.012	0.015	1
13	"Pima"	90	0.016	0.024	1
13	"Pima"	90	0.014	0.016	1
13	"Pima"	90	0.013	0.014	1
14	"Pima"	60	0.016	0.019	1
14	"Pima"	60	0.014	0.019	1
14	"Pima"	60	0.014	0.023	1
14	"Pima"	60	0.013	0.019	1
14	"Pima"	60	0.013	0.02	1
14	"Pima"	60	0.018	0.025	1
14	"Pima"	60	0.014	0.023	1
14	"Pima"	60	0.02	0.021	1
14	"Pima"	60	0.013	0.019	1
14	"Pima"	60	0.012	0.022	1
14	"Pima"	60	0.012	0.019	1
14	"Pima"	60	0.014	0.023	1
14	"Pima"	60	0.012	0.022	1
14	"Pima"	60	0.01	0.018	1
14	"Pima"	60	0.013	0.019	1
14	"Pima"	60	0.012	0.016	1
14	"Pima"	60	0.012	0.015	1
14	"Pima"	60	0.01	0.011	1
14	"Pima"	60	0.019	0.022	1
14	"Pima"	60	0.017	0.019	1
15	"Pima"	340	0.018	0.021	1
15	"Pima"	340	0.014	0.016	1
15	"Pima"	340	0.019	0.027	1
15	"Pima"	340	0.01	0.017	1
15	"Pima"	340	0.011	0.019	1
15	"Pima"	340	0.019	0.023	1
15	"Pima"	340	0.013	0.016	1
15	"Pima"	340	0.014	0.018	1
15	"Pima"	340	0.014	0.022	1
15	"Pima"	340	0.018	0.022	1
15	"Pima"	340	0.017	0.021	1
15	"Pima"	340	0.014	0.015	1
15	"Pima"	340	0.017	0.02	1
15	"Pima"	340	0.016	0.021	1
15	"Pima"	340	0.014	0.019	1
15	"Pima"	340	0.014	0.018	1
15	"Pima"	340	0.019	0.023	1
15	"Pima"	340	0.013	0.023	1
15	"Pima"	340	0.011	0.014	1
15	"Pima"	340	0.017	0.026	1
16	"Pima"	490	0.015	0.025	1
16	"Pima"	490	0.012	0.019	1
16	"Pima"	490	0.017	0.019	1
16	"Pima"	490	0.01	0.016	1
16	"Pima"	490	0.02	0.026	1
16	"Pima"	490	0.018	0.021	1
16	"Pima"	490	0.012	0.017	1
16	"Pima"	490	0.017	0.026	1
16	"Pima"	490	0.018	0.026	1
16	"Pima"	490	0.015	0.022	1
16	"Pima"	490	0.017	0.023	1
16	"Pima"	490	0.011	0.017	1
16	"Pima"	490	0.017	0.02	1
16	"Pima"	490	0.019	0.022	1
16	"Pima"	490	0.016	0.024	1
16	"Pima"	490	0.013	0.02	1
16	"Pima"	490	0.01	0.017	1
16	"Pima"	490	0.012	0.017	1
16	"Pima"	490	0.018	0.026	1
16	"Pima"	490	0.01	0.013	1
17	"Pima"	1125	0.019	0.024	1
17	"Pima"	1125	0.011	0.014	1
17	"Pima"	1125	0.018	0.028	1
17	"Pima"	1125	0.014	0.019	1
17	"Pima"	1125	0.019	0.02	1
17	"Pima"	1125	0.014	0.021	1
17	"Pima"	1125	0.018	0.023	1
17	"Pima"	1125	0.01	0.012	1
17	"Pima"	1125	0.016	0.024	1
17	"Pima"	1125	0.018	0.02	1
17	"Pima"	1125	0.011	0.016	1
17	"Pima"	1125	0.017	0.019	1
17	"Pima"	1125	0.019	0.024	1
17	"Pima"	1125	0.011	0.012	1
17	"Pima"	1125	0.014	0.015	1
17	"Pima"	1125	0.012	0.022	1
17	"Pima"	1125	0.016	0.018	1
17	"Pima"	1125	0.011	0.02	1
17	"Pima"	1125	0.013	0.015	1
17	"Pima"	1125	0.013	0.017	1
18	"Pima"	200	0.019	0.024	1
18	"Pima"	200	0.012	0.014	1
18	"Pima"	200	0.019	0.027	1
18	"Pima"	200	0.015	0.019	1
18	"Pima"	200	0.013	0.021	1
18	"Pima"	200	0.013	0.019	1
18	"Pima"	200	0.015	0.02	1
18	"Pima"	200	0.017	0.018	1
18	"Pima"	200	0.016	0.021	1
18	"Pima"	200	0.018	0.027	1
18	"Pima"	200	0.014	0.019	1
18	"Pima"	200	0.017	0.023	1
18	"Pima"	200	0.015	0.024	1
18	"Pima"	200	0.016	0.024	1
18	"Pima"	200	0.018	0.023	1
18	"Pima"	200	0.018	0.025	1
18	"Pima"	200	0.016	0.02	1
18	"Pima"	200	0.02	0.025	1
18	"Pima"	200	0.016	0.02	1
18	"Pima"	200	0.011	0.017	1
19	"Pima"	290	0.017	0.027	1
19	"Pima"	290	0.016	0.019	1
19	"Pima"	290	0.016	0.019	1
19	"Pima"	290	0.017	0.022	1
19	"Pima"	290	0.012	0.013	1
19	"Pima"	290	0.014	0.022	1
19	"Pima"	290	0.015	0.02	1
19	"Pima"	290	0.014	0.016	1
19	"Pima"	290	0.011	0.014	1
19	"Pima"	290	0.015	0.023	1
19	"Pima"	290	0.019	0.027	1
19	"Pima"	290	0.01	0.019	1
19	"Pima"	290	0.017	0.019	1
19	"Pima"	290	0.017	0.02	1
19	"Pima"	290	0.011	0.015	1
19	"Pima"	290	0.017	0.018	1
19	"Pima"	290	0.018	0.027	1
19	"Pima"	290	0.014	0.02	1
19	"Pima"	290	0.011	0.019	1
19	"Pima"	290	0.012	0.018	1
20	"Pima"	700	0.013	0.017	1
20	"Pima"	700	0.014	0.022	1
20	"Pima"	700	0.011	0.014	1
20	"Pima"	700	0.015	0.022	1
20	"Pima"	700	0.017	0.018	1
20	"Pima"	700	0.017	0.02	1
20	"Pima"	700	0.012	0.021	1
20	"Pima"	700	0.01	0.018	1
20	"Pima"	700	0.011	0.014	1
20	"Pima"	700	0.02	0.028	1
20	"Pima"	700	0.017	0.018	1
20	"Pima"	700	0.018	0.026	1
20	"Pima"	700	0.013	0.021	1
20	"Pima"	700	0.02	0.028	1
20	"Pima"	700	0.014	0.018	1
20	"Pima"	700	0.019	0.022	1
20	"Pima"	700	0.015	0.024	1
20	"Pima"	700	0.018	0.026	1
20	"Pima"	700	0.019	0.025	1
20	"Pima"	700	0.011	0.02	1
21	"Pima"	470	0.011	0.017	1
21	"Pima"	470	0.018	0.025	1
21	"Pima"	470	0.02	0.027	1
21	"Pima"	470	0.014	0.021	1
21	"Pima"	470	0.015	0.019	1
21	"Pima"	470	0.013	0.02	1
21	"Pima"	470	0.014	0.018	1
21	"Pima"	470	0.015	0.017	1
21	"Pima"	470	0.015	0.016	1
21	"Pima"	470	0.013	0.019	1
21	"Pima"	470	0.014	0.023	1
21	"Pima"	470	0.012	0.014	1
21	"Pima"	470	0.019	0.022	1
21	"Pima"	470	0.01	0.015	1
21	"Pima"	470	0.017	0.019	1
21	"Pima"	470	0.014	0.018	1
21	"Pima"	470	0.019	0.025	1
21	"Pima"	470	0.014	0.02	1
21	"Pima"	470	0.016	0.022	1
21	"Pima"	470	0.017	0.02	1
22	"Pima"	440	0.02	0.025	1
22	"Pima"	440	0.011	0.02	1
22	"Pima"	440	0.017	0.025	1
22	"Pima"	440	0.012	0.019	1
22	"Pima"	440	0.012	0.019	1
22	"Pima"	440	0.01	0.015	1
22	"Pima"	440	0.017	0.021	1
22	"Pima"	440	0.02	0.022	1
22	"Pima"	440	0.019	0.028	1
22	"Pima"	440	0.014	0.018	1
22	"Pima"	440	0.012	0.016	1
22	"Pima"	440	0.019	0.02	1
22	"Pima"	440	0.016	0.021	1
22	"Pima"	440	0.015	0.019	1
22	"Pima"	440	0.02	0.027	1
22	"Pima"	440	0.018	0.028	1
22	"Pima"	440	0.011	0.019	1
22	"Pima"	440	0.017	0.021	1
22	"Pima"	440	0.019	0.021	1
22	"Pima"	440	0.017	0.023	1
23	"Pima"	500	0.019	0.026	1
23	"Pima"	500	0.017	0.021	1
23	"Pima"	500	0.017	0.027	1
23	"Pima"	500	0.018	0.021	1
23	"Pima"	500	0.012	0.019	1
23	"Pima"	500	0.011	0.014	1
23	"Pima"	500	0.014	0.021	1
23	"Pima"	500	0.02	0.028	1
23	"Pima"	500	0.011	0.02	1
23	"Pima"	500	0.018	0.022	1
23	"Pima"	500	0.012	0.014	1
23	"Pima"	500	0.017	0.018	1
23	"Pima"	500	0.013	0.021	1
23	"Pima"	500	0.01	0.012	1
23	"Pima"	500	0.014	0.02	1
23	"Pima"	500	0.019	0.028	1
23	"Pima"	500	0.014	0.023	1
23	"Pima"	500	0.017	0.025	1
23	"Pima"	500	0.018	0.025	1
23	"Pima"	500	0.012	0.018	1
24	"Pima"	585	0.019	0.023	1
24	"Pima"	585	0.016	0.023	1
24	"Pima"	585	0.015	0.023	1
24	"Pima"	585	0.019	0.021	1
24	"Pima"	585	0.019	0.027	1
24	"Pima"	585	0.012	0.017	1
24	"Pima"	585	0.015	0.018	1
24	"Pima"	585	0.016	0.022	1
24	"Pima"	585	0.019	0.023	1
24	"Pima"	585	0.011	0.02	1
24	"Pima"	585	0.019	0.029	1
24	"Pima"	585	0.015	0.018	1
24	"Pima"	585	0.015	0.016	1
24	"Pima"	585	0.017	0.026	1
24	"Pima"	585	0.017	0.023	1
24	"Pima"	585	0.014	0.015	1
24	"Pima"	585	0.019	0.028	1
24	"Pima"	585	0.015	0.022	1
24	"Pima"	585	0.012	0.017	1
24	"Pima"	585	0.01	0.013	1
25	"Pima"	670	0.012	0.017	1
25	"Pima"	670	0.013	0.019	1
25	"Pima"	670	0.014	0.015	1
25	"Pima"	670	0.014	0.022	1
25	"Pima"	670	0.012	0.016	1
25	"Pima"	670	0.015	0.022	1
25	"Pima"	670	0.014	0.018	1
25	"Pima"	670	0.014	0.022	1
25	"Pima"	670	0.015	0.02	1
25	"Pima"	670	0.014	0.017	1
25	"Pima"	670	0.02	0.029	1
25	"Pima"	670	0.012	0.017	1
25	"Pima"	670	0.011	0.013	1
25	"Pima"	670	0.012	0.022	1
25	"Pima"	670	0.015	0.022	1
25	"Pima"	670	0.01	0.013	1
25	"Pima"	670	0.015	0.025	1
25	"Pima"	670	0.012	0.016	1
25	"Pima"	670	0.015	0.018	1
25	"Pima"	670	0.012	0.019	1
26	"Pima"	225	0.016	0.025	1
26	"Pima"	225	0.016	0.02	1
26	"Pima"	225	0.013	0.016	1
26	"Pima"	225	0.011	0.016	1
26	"Pima"	225	0.01	0.014	1
26	"Pima"	225	0.019	0.023	1
26	"Pima"	225	0.015	0.018	1
26	"Pima"	225	0.011	0.016	1
26	"Pima"	225	0.017	0.024	1
26	"Pima"	225	0.015	0.021	1
26	"Pima"	225	0.017	0.025	1
26	"Pima"	225	0.016	0.024	1
26	"Pima"	225	0.014	0.023	1
26	"Pima"	225	0.012	0.017	1
26	"Pima"	225	0.017	0.023	1
26	"Pima"	225	0.019	0.021	1
26	"Pima"	225	0.014	0.018	1
26	"Pima"	225	0.014	0.022	1
26	"Pima"	225	0.018	0.025	1
26	"Pima"	225	0.017	0.026	1
27	"Pima"	265	0.018	0.027	1
27	"Pima"	265	0.013	0.015	1
27	"Pima"	265	0.011	0.017	1
27	"Pima"	265	0.016	0.021	1
27	"Pima"	265	0.012	0.02	1
27	"Pima"	265	0.014	0.02	1
27	"Pima"	265	0.019	0.024	1
27	"Pima"	265	0.015	0.02	1
27	"Pima"	265	0.019	0.025	1
27	"Pima"	265	0.019	0.025	1
27	"Pima"	265	0.018	0.025	1
27	"Pima"	265	0.016	0.025	1
27	"Pima"	265	0.015	0.022	1
27	"Pima"	265	0.019	0.024	1
27	"Pima"	265	0.012	0.021	1
27	"Pima"	265	0.014	0.016	1
27	"Pima"	265	0.016	0.02	1
27	"Pima"	265	0.014	0.023	1
27	"Pima"	265	0.015	0.017	1
27	"Pima"	265	0.019	0.025	1
28	"Pima"	40	0.018	0.021	1
28	"Pima"	40	0.011	0.015	1
28	"Pima"	40	0.018	0.025	1
28	"Pima"	40	0.02	0.027	1
28	"Pima"	40	0.017	0.018	1
28	"Pima"	40	0.011	0.015	1
28	"Pima"	40	0.015	0.021	1
28	"Pima"	40	0.017	0.024	1
28	"Pima"	40	0.011	0.014	1
28	"Pima"	40	0.013	0.019	1
28	"Pima"	40	0.02	0.027	1
28	"Pima"	40	0.012	0.015	1
28	"Pima"	40	0.017	0.024	1
28	"Pima"	40	0.018	0.026	1
28	"Pima"	40	0.016	0.021	1
28	"Pima"	40	0.02	0.026	1
28	"Pima"	40	0.019	0.027	1
28	"Pima"	40	0.019	0.02	1
28	"Pima"	40	0.018	0.027	1
28	"Pima"	40	0.012	0.014	1
29	"Pima"	85	0.014	0.023	1
29	"Pima"	85	0.012	0.015	1
29	"Pima"	85	0.014	0.02	1
29	"Pima"	85	0.016	0.025	1
29	"Pima"	85	0.011	0.015	1
29	"Pima"	85	0.014	0.018	1
29	"Pima"	85	0.01	0.017	1
29	"Pima"	85	0.01	0.017	1
29	"Pima"	85	0.016	0.017	1
29	"Pima"	85	0.011	0.017	1
29	"Pima"	85	0.013	0.016	1
29	"Pima"	85	0.011	0.018	1
29	"Pima"	85	0.016	0.019	1
29	"Pima"	85	0.018	0.028	1
29	"Pima"	85	0.019	0.022	1
29	"Pima"	85	0.012	0.015	1
29	"Pima"	85	0.013	0.023	1
29	"Pima"	85	0.019	0.028	1
29	"Pima"	85	0.017	0.026	1
29	"Pima"	85	0.016	0.021	1
30	"Pima"	435	0.017	0.024	1
30	"Pima"	435	0.011	0.014	1
30	"Pima"	435	0.016	0.022	1
30	"Pima"	435	0.015	0.023	1
30	"Pima"	435	0.011	0.012	1
30	"Pima"	435	0.016	0.024	1
30	"Pima"	435	0.015	0.02	1
30	"Pima"	435	0.01	0.018	1
30	"Pima"	435	0.014	0.021	1
30	"Pima"	435	0.011	0.015	1
30	"Pima"	435	0.014	0.017	1
30	"Pima"	435	0.014	0.02	1
30	"Pima"	435	0.014	0.024	1
30	"Pima"	435	0.015	0.018	1
30	"Pima"	435	0.019	0.027	1
30	"Pima"	435	0.014	0.022	1
30	"Pima"	435	0.018	0.02	1
30	"Pima"	435	0.016	0.022	1
30	"Pima"	435	0.017	0.026	1
30	"Pima"	435	0.011	0.018	1
31	"Pima"	985	0.011	0.02	1
31	"Pima"	985	0.011	0.012	1
31	"Pima"	985	0.012	0.017	1
31	"Pima"	985	0.01	0.015	1
31	"Pima"	985	0.014	0.019	1
31	"Pima"	985	0.013	0.015	1
31	"Pima"	985	0.01	0.011	1
31	"Pima"	985	0.012	0.013	1
31	"Pima"	985	0.011	0.013	1
31	"Pima"	985	0.015	0.018	1
31	"Pima"	985	0.012	0.021	1
31	"Pima"	985	0.014	0.023	1
31	"Pima"	985	0.013	0.021	1
31	"Pima"	985	0.011	0.02	1
31	"Pima"	985	0.019	0.024	1
31	"Pima"	985	0.018	0.025	1
31	"Pima"	985	0.01	0.013	1
31	"Pima"	985	0.011	0.019	1
31	"Pima"	985	0.02	0.025	1
31	"Pima"	985	0.01	0.019	1
32	"Pima"	20	0.013	0.021	1
32	"Pima"	20	0.016	0.025	1
32	"Pima"	20	0.015	0.021	1
32	"Pima"	20	0.018	0.025	1
32	"Pima"	20	0.018	0.026	1
32	"Pima"	20	0.016	0.023	1
32	"Pima"	20	0.014	0.022	1
32	"Pima"	20	0.013	0.014	1
32	"Pima"	20	0.02	0.026	1
32	"Pima"	20	0.018	0.022	1
32	"Pima"	20	0.011	0.015	1
32	"Pima"	20	0.013	0.02	1
32	"Pima"	20	0.013	0.015	1
32	"Pima"	20	0.015	0.02	1
32	"Pima"	20	0.015	0.02	1
32	"Pima"	20	0.016	0.025	1
32	"Pima"	20	0.013	0.021	1
32	"Pima"	20	0.01	0.02	1
32	"Pima"	20	0.015	0.022	1
32	"Pima"	20	0.019	0.026	1
33	"Pima"	415	0.011	0.015	1
33	"Pima"	415	0.014	0.02	1
33	"Pima"	415	0.01	0.011	1
33	"Pima"	415	0.014	0.022	1
33	"Pima"	415	0.016	0.019	1
33	"Pima"	415	0.013	0.015	1
33	"Pima"	415	0.016	0.022	1
33	"Pima"	415	0.017	0.021	1
33	"Pima"	415	0.016	0.024	1
33	"Pima"	415	0.017	0.026	1
33	"Pima"	415	0.013	0.016	1
33	"Pima"	415	0.012	0.016	1
33	"Pima"	415	0.018	0.022	1
33	"Pima"	415	0.01	0.015	1
33	"Pima"	415	0.016	0.023	1
33	"Pima"	415	0.01	0.014	1
33	"Pima"	415	0.016	0.019	1
33	"Pima"	415	0.011	0.013	1
33	"Pima"	415	0.017	0.022	1
33	"Pima"	415	0.02	0.026	1
34	"Pima"	250	0.017	0.026	1
34	"Pima"	250	0.017	0.02	1
34	"Pima"	250	0.015	0.023	1
34	"Pima"	250	0.02	0.025	1
34	"Pima"	250	0.01	0.02	1
34	"Pima"	250	0.019	0.026	1
34	"Pima"	250	0.016	0.02	1
34	"Pima"	250	0.018	0.027	1
34	"Pima"	250	0.016	0.021	1
34	"Pima"	250	0.013	0.02	1
34	"Pima"	250	0.016	0.023	1
34	"Pima"	250	0.01	0.019	1
34	"Pima"	250	0.017	0.02	1
34	"Pima"	250	0.012	0.019	1
34	"Pima"	250	0.017	0.022	1
34	"Pima"	250	0.02	0.023	1
34	"Pima"	250	0.017	0.025	1
34	"Pima"	250	0.012	0.014	1
34	"Pima"	250	0.011	0.017	1
34	"Pima"	250	0.013	0.023	1
35	"Pima"	390	0.016	0.023	1
35	"Pima"	390	0.016	0.024	1
35	"Pima"	390	0.01	0.02	1
35	"Pima"	390	0.018	0.026	1
35	"Pima"	390	0.013	0.02	1
35	"Pima"	390	0.014	0.015	1
35	"Pima"	390	0.012	0.018	1
35	"Pima"	390	0.01	0.016	1
35	"Pima"	390	0.014	0.021	1
35	"Pima"	390	0.019	0.022	1
35	"Pima"	390	0.015	0.021	1
35	"Pima"	390	0.018	0.025	1
35	"Pima"	390	0.02	0.029	1
35	"Pima"	390	0.013	0.022	1
35	"Pima"	390	0.017	0.019	1
35	"Pima"	390	0.015	0.019	1
35	"Pima"	390	0.012	0.015	1
35	"Pima"	390	0.01	0.017	1
35	"Pima"	390	0.018	0.025	1
35	"Pima"	390	0.02	0.027	1
36	"Pima"	700	0.018	0.019	1
36	"Pima"	700	0.019	0.028	1
36	"Pima"	700	0.016	0.024	1
36	"Pima"	700	0.018	0.023	1
36	"Pima"	700	0.013	0.017	1
36	"Pima"	700	0.018	0.025	1
36	"Pima"	700	0.019	0.024	1
36	"Pima"	700	0.017	0.025	1
36	"Pima"	700	0.013	0.016	1
36	"Pima"	700	0.014	0.023	1
36	"Pima"	700	0.012	0.017	1
36	"Pima"	700	0.016	0.024	1
36	"Pima"	700	0.02	0.026	1
36	"Pima"	700	0.016	0.024	1
36	"Pima"	700	0.018	0.027	1
36	"Pima"	700	0.017	0.022	1
36	"Pima"	700	0.014	0.023	1
36	"Pima"	700	0.011	0.019	1
36	"Pima"	700	0.012	0.018	1
36	"Pima"	700	0.01	0.02	1
37	"Pima"	1015	0.011	0.013	1
37	"Pima"	1015	0.013	0.015	1
37	"Pima"	1015	0.013	0.015	1
37	"Pima"	1015	0.015	0.025	1
37	"Pima"	1015	0.019	0.025	1
37	"Pima"	1015	0.013	0.017	1
37	"Pima"	1015	0.014	0.017	1
37	"Pima"	1015	0.011	0.019	1
37	"Pima"	1015	0.015	0.025	1
37	"Pima"	1015	0.019	0.027	1
37	"Pima"	1015	0.014	0.017	1
37	"Pima"	1015	0.018	0.021	1
37	"Pima"	1015	0.018	0.025	1
37	"Pima"	1015	0.014	0.017	1
37	"Pima"	1015	0.017	0.026	1
37	"Pima"	1015	0.014	0.018	1
37	"Pima"	1015	0.01	0.014	1
37	"Pima"	1015	0.017	0.019	1
37	"Pima"	1015	0.019	0.02	1
37	"Pima"	1015	0.012	0.014	1
38	"Pima"	655	0.011	0.016	1
38	"Pima"	655	0.016	0.02	1
38	"Pima"	655	0.01	0.018	1
38	"Pima"	655	0.018	0.021	1
38	"Pima"	655	0.01	0.014	1
38	"Pima"	655	0.016	0.02	1
38	"Pima"	655	0.017	0.024	1
38	"Pima"	655	0.014	0.02	1
38	"Pima"	655	0.017	0.027	1
38	"Pima"	655	0.013	0.018	1
38	"Pima"	655	0.013	0.022	1
38	"Pima"	655	0.018	0.022	1
38	"Pima"	655	0.015	0.023	1
38	"Pima"	655	0.014	0.024	1
38	"Pima"	655	0.016	0.025	1
38	"Pima"	655	0.016	0.017	1
38	"Pima"	655	0.018	0.025	1
38	"Pima"	655	0.014	0.022	1
38	"Pima"	655	0.014	0.022	1
38	"Pima"	655	0.015	0.017	1
39	"Pima"	1040	0.013	0.021	1
39	"Pima"	1040	0.014	0.022	1
39	"Pima"	1040	0.017	0.022	1
39	"Pima"	1040	0.013	0.016	1
39	"Pima"	1040	0.015	0.017	1
39	"Pima"	1040	0.013	0.015	1
39	"Pima"	1040	0.014	0.02	1
39	"Pima"	1040	0.01	0.015	1
39	"Pima"	1040	0.016	0.024	1
39	"Pima"	1040	0.014	0.02	1
39	"Pima"	1040	0.017	0.021	1
39	"Pima"	1040	0.015	0.018	1
39	"Pima"	1040	0.018	0.026	1
39	"Pima"	1040	0.019	0.021	1
39	"Pima"	1040	0.013	0.017	1
39	"Pima"	1040	0.013	0.02	1
39	"Pima"	1040	0.016	0.021	1
39	"Pima"	1040	0.018	0.023	1
39	"Pima"	1040	0.016	0.022	1
39	"Pima"	1040	0.014	0.022	1
40	"Pima"	915	0.018	0.021	1
40	"Pima"	915	0.011	0.015	1
40	"Pima"	915	0.015	0.018	1
40	"Pima"	915	0.015	0.019	1
40	"Pima"	915	0.011	0.018	1
40	"Pima"	915	0.019	0.027	1
40	"Pima"	915	0.013	0.019	1
40	"Pima"	915	0.01	0.014	1
40	"Pima"	915	0.018	0.022	1
40	"Pima"	915	0.011	0.016	1
40	"Pima"	915	0.014	0.015	1
40	"Pima"	915	0.01	0.012	1
40	"Pima"	915	0.019	0.027	1
40	"Pima"	915	0.013	0.023	1
40	"Pima"	915	0.013	0.021	1
40	"Pima"	915	0.01	0.02	1
40	"Pima"	915	0.016	0.021	1
40	"Pima"	915	0.015	0.022	1
40	"Pima"	915	0.01	0.018	1
40	"Pima"	915	0.015	0.024	1
41	"Pima"	560	0.018	0.02	1
41	"Pima"	560	0.014	0.02	1
41	"Pima"	560	0.017	0.026	1
41	"Pima"	560	0.019	0.022	1
41	"Pima"	560	0.012	0.016	1
41	"Pima"	560	0.015	0.017	1
41	"Pima"	560	0.017	0.027	1
41	"Pima"	560	0.013	0.021	1
41	"Pima"	560	0.012	0.019	1
41	"Pima"	560	0.013	0.015	1
41	"Pima"	560	0.014	0.021	1
41	"Pima"	560	0.013	0.019	1
41	"Pima"	560	0.019	0.022	1
41	"Pima"	560	0.015	0.018	1
41	"Pima"	560	0.016	0.02	1
41	"Pima"	560	0.02	0.025	1
41	"Pima"	560	0.019	0.026	1
41	"Pima"	560	0.02	0.024	1
41	"Pima"	560	0.015	0.024	1
41	"Pima"	560	0.018	0.022	1
42	"Pima"	1065	0.019	0.025	1
42	"Pima"	1065	0.011	0.018	1
42	"Pima"	1065	0.01	0.018	1
42	"Pima"	1065	0.011	0.017	1
42	"Pima"	1065	0.018	0.022	1
42	"Pima"	1065	0.011	0.02	1
42	"Pima"	1065	0.019	0.022	1
42	"Pima"	1065	0.011	0.02	1
42	"Pima"	1065	0.012	0.015	1
42	"Pima"	1065	0.02	0.03	1
42	"Pima"	1065	0.012	0.016	1
42	"Pima"	1065	0.013	0.021	1
42	"Pima"	1065	0.017	0.018	1
42	"Pima"	1065	0.016	0.025	1
42	"Pima"	1065	0.016	0.018	1
42	"Pima"	1065	0.016	0.026	1
42	"Pima"	1065	0.013	0.015	1
42	"Pima"	1065	0.012	0.016	1
42	"Pima"	1065	0.01	0.012	1
42	"Pima"	1065	0.015	0.02	1
43	"Pima"	5	0.014	0.017	1
43	"Pima"	5	0.016	0.025	1
43	"Pima"	5	0.02	0.027	1
43	"Pima"	5	0.012	0.015	1
43	"Pima"	5	0.016	0.026	1
43	"Pima"	5	0.013	0.014	1
43	"Pima"	5	0.02	0.022	1
43	"Pima"	5	0.012	0.014	1
43	"Pima"	5	0.017	0.021	1
43	"Pima"	5	0.019	0.028	1
43	"Pima"	5	0.017	0.021	1
43	"Pima"	5	0.019	0.026	1
43	"Pima"	5	0.017	0.025	1
43	"Pima"	5	0.014	0.023	1
43	"Pima"	5	0.018	0.019	1
43	"Pima"	5	0.012	0.022	1
43	"Pima"	5	0.018	0.024	1
43	"Pima"	5	0.015	0.019	1
43	"Pima"	5	0.014	0.021	1
43	"Pima"	5	0.016	0.018	1
44	"Pima"	645	0.013	0.023	1
44	"Pima"	645	0.016	0.024	1
44	"Pima"	645	0.015	0.021	1
44	"Pima"	645	0.018	0.026	1
44	"Pima"	645	0.018	0.02	1
44	"Pima"	645	0.02	0.03	1
44	"Pima"	645	0.011	0.013	1
44	"Pima"	645	0.014	0.02	1
44	"Pima"	645	0.013	0.017	1
44	"Pima"	645	0.014	0.019	1
44	"Pima"	645	0.01	0.018	1
44	"Pima"	645	0.019	0.021	1
44	"Pima"	645	0.015	0.023	1
44	"Pima"	645	0.017	0.026	1
44	"Pima"	645	0.013	0.017	1
44	"Pima"	645	0.011	0.012	1
44	"Pima"	645	0.012	0.021	1
44	"Pima"	645	0.014	0.018	1
44	"Pima"	645	0.016	0.022	1
44	"Pima"	645	0.016	0.024	1
45	"Pima"	140	0.016	0.019	1
45	"Pima"	140	0.014	0.023	1
45	"Pima"	140	0.017	0.021	1
45	"Pima"	140	0.017	0.023	1
45	"Pima"	140	0.013	0.02	1
45	"Pima"	140	0.014	0.02	1
45	"Pima"	140	0.011	0.02	1
45	"Pima"	140	0.011	0.012	1
45	"Pima"	140	0.019	0.026	1
45	"Pima"	140	0.017	0.018	1
45	"Pima"	140	0.019	0.023	1
45	"Pima"	140	0.016	0.017	1
45	"Pima"	140	0.013	0.016	1
45	"Pima"	140	0.01	0.014	1
45	"Pima"	140	0.011	0.016	1
45	"Pima"	140	0.014	0.023	1
45	"Pima"	140	0.016	0.02	1
45	"Pima"	140	0.019	0.025	1
45	"Pima"	140	0.016	0.026	1
45	"Pima"	140	0.011	0.018	1
46	"Pima"	285	0.014	0.02	1
46	"Pima"	285	0.016	0.022	1
46	"Pima"	285	0.013	0.018	1
46	"Pima"	285	0.014	0.023	1
46	"Pima"	285	0.012	0.02	1
46	"Pima"	285	0.016	0.019	1
46	"Pima"	285	0.015	0.019	1
46	"Pima"	285	0.013	0.02	1
46	"Pima"	285	0.017	0.019	1
46	"Pima"	285	0.017	0.021	1
46	"Pima"	285	0.019	0.021	1
46	"Pima"	285	0.018	0.022	1
46	"Pima"	285	0.015	0.023	1
46	"Pima"	285	0.011	0.017	1
46	"Pima"	285	0.016	0.02	1
46	"Pima"	285	0.014	0.02	1
46	"Pima"	285	0.012	0.019	1
46	"Pima"	285	0.015	0.022	1
46	"Pima"	285	0.015	0.021	1
46	"Pima"	285	0.019	0.02	1
47	"Pima"	875	0.017	0.019	1
47	"Pima"	875	0.014	0.022	1
47	"Pima"	875	0.016	0.022	1
47	"Pima"	875	0.012	0.021	1
47	"Pima"	875	0.013	0.014	1
47	"Pima"	875	0.015	0.017	1
47	"Pima"	875	0.011	0.02	1
47	"Pima"	875	0.01	0.016	1
47	"Pima"	875	0.012	0.013	1
47	"Pima"	875	0.012	0.02	1
47	"Pima"	875	0.016	0.02	1
47	"Pima"	875	0.016	0.022	1
47	"Pima"	875	0.017	0.026	1
47	"Pima"	875	0.019	0.021	1
47	"Pima"	875	0.013	0.021	1
47	"Pima"	875	0.018	0.021	1
47	"Pima"	875	0.015	0.021	1
47	"Pima"	875	0.014	0.019	1
47	"Pima"	875	0.017	0.022	1
47	"Pima"	875	0.02	0.022	1
48	"Pima"	130	0.014	0.023	1
48	"Pima"	130	0.017	0.024	1
48	"Pima"	130	0.013	0.02	1
48	"Pima"	130	0.014	0.022	1
48	"Pima"	130	0.019	0.025	1
48	"Pima"	130	0.018	0.02	1
48	"Pima"	130	0.015	0.018	1
48	"Pima"	130	0.018	0.027	1
48	"Pima"	130	0.012	0.016	1
48	"Pima"	130	0.014	0.023	1
48	"Pima"	130	0.015	0.022	1
48	"Pima"	130	0.011	0.019	1
48	"Pima"	130	0.014	0.02	1
48	"Pima"	130	0.011	0.016	1
48	"Pima"	130	0.018	0.02	1
48	"Pima"	130	0.018	0.027	1
48	"Pima"	130	0.018	0.028	1
48	"Pima"	130	0.019	0.025	1
48	"Pima"	130	0.011	0.016	1
48	"Pima"	130	0.011	0.012	1
49	"Pima"	180	0.016	0.025	1
49	"Pima"	180	0.014	0.015	1
49	"Pima"	180	0.016	0.021	1
49	"Pima"	180	0.015	0.021	1
49	"Pima"	180	0.015	0.024	1
49	"Pima"	180	0.018	0.02	1
49	"Pima"	180	0.017	0.02	1
49	"Pima"	180	0.019	0.023	1
49	"Pima"	180	0.012	0.018	1
49	"Pima"	180	0.019	0.021	1
49	"Pima"	180	0.017	0.022	1
49	"Pima"	180	0.018	0.027	1
49	"Pima"	180	0.012	0.016	1
49	"Pima"	180	0.018	0.025	1
49	"Pima"	180	0.019	0.026	1
49	"Pima"	180	0.01	0.017	1
49	"Pima"	180	0.013	0.015	1
49	"Pima"	180	0.012	0.013	1
49	"Pima"	180	0.018	0.027	1
49	"Pima"	180	0.016	0.022	1
50	"Pima"	675	0.018	0.02	1
50	"Pima"	675	0.017	0.024	1
50	"Pima"	675	0.015	0.022	1
50	"Pima"	675	0.018	0.022	1
50	"Pima"	675	0.014	0.023	1
50	"Pima"	675	0.018	0.023	1
50	"Pima"	675	0.017	0.02	1
50	"Pima"	675	0.016	0.023	1
50	"Pima"	675	0.014	0.018	1
50	"Pima"	675	0.012	0.015	1
50	"Pima"	675	0.013	0.015	1
50	"Pima"	675	0.014	0.022	1
50	"Pima"	675	0.016	0.024	1
50	"Pima"	675	0.014	0.02	1
50	"Pima"	675	0.012	0.018	1
50	"Pima"	675	0.011	0.016	1
50	"Pima"	675	0.018	0.021	1
50	"Pima"	675	0.013	0.02	1
50	"Pima"	675	0.016	0.02	1
50	"Pima"	675	0.014	0.018	1
51	"Pima"	480	0.017	0.022	1
51	"Pima"	480	0.013	0.016	1
51	"Pima"	480	0.011	0.016	1
51	"Pima"	480	0.013	0.019	1
51	"Pima"	480	0.014	0.024	1
51	"Pima"	480	0.015	0.022	1
51	"Pima"	480	0.019	0.02	1
51	"Pima"	480	0.016	0.023	1
51	"Pima"	480	0.018	0.019	1
51	"Pima"	480	0.013	0.02	1
51	"Pima"	480	0.014	0.019	1
51	"Pima"	480	0.012	0.014	1
51	"Pima"	480	0.015	0.023	1
51	"Pima"	480	0.02	0.027	1
51	"Pima"	480	0.018	0.027	1
51	"Pima"	480	0.012	0.02	1
51	"Pima"	480	0.017	0.027	1
51	"Pima"	480	0.018	0.022	1
51	"Pima"	480	0.015	0.016	1
51	"Pima"	480	0.019	0.021	1
52	"Pima"	1190	0.012	0.021	1
52	"Pima"	1190	0.012	0.021	1
52	"Pima"	1190	0.019	0.025	1
52	"Pima"	1190	0.018	0.025	1
52	"Pima"	1190	0.018	0.02	1
52	"Pima"	1190	0.015	0.017	1
52	"Pima"	1190	0.014	0.016	1
52	"Pima"	1190	0.016	0.019	1
52	"Pima"	1190	0.013	0.017	1
52	"Pima"	1190	0.011	0.017	1
52	"Pima"	1190	0.018	0.023	1
52	"Pima"	1190	0.019	0.021	1
52	"Pima"	1190	0.017	0.026	1
52	"Pima"	1190	0.016	0.022	1
52	"Pima"	1190	0.012	0.021	1
52	"Pima"	1190	0.011	0.016	1
52	"Pima"	1190	0.016	0.018	1
52	"Pima"	1190	0.016	0.023	1
52	"Pima"	1190	0.011	0.019	1
52	"Pima"	1190	0.01	0.017	1
53	"Pima"	410	0.011	0.02	1
53	"Pima"	410	0.017	0.02	1
53	"Pima"	410	0.016	0.025	1
53	"Pima"	410	0.013	0.022	1
53	"Pima"	410	0.012	0.016	1
53	"Pima"	410	0.018	0.027	1
53	"Pima"	410	0.017	0.019	1
53	"Pima"	410	0.019	0.026	1
53	"Pima"	410	0.016	0.02	1
53	"Pima"	410	0.015	0.02	1
53	"Pima"	410	0.016	0.023	1
53	"Pima"	410	0.01	0.013	1
53	"Pima"	410	0.018	0.027	1
53	"Pima"	410	0.01	0.014	1
53	"Pima"	410	0.016	0.021	1
53	"Pima"	410	0.01	0.017	1
53	"Pima"	410	0.014	0.018	1
53	"Pima"	410	0.019	0.026	1
53	"Pima"	410	0.01	0.019	1
53	"Pima"	410	0.02	0.027	1
54	"Pima"	575	0.014	0.019	1
54	"Pima"	575	0.013	0.02	1
54	"Pima"	575	0.02	0.025	1
54	"Pima"	575	0.011	0.021	1
54	"Pima"	575	0.016	0.022	1
54	"Pima"	575	0.017	0.026	1
54	"Pima"	575	0.013	0.019	1
54	"Pima"	575	0.019	0.026	1
54	"Pima"	575	0.01	0.017	1
54	"Pima"	575	0.016	0.023	1
54	"Pima"	575	0.018	0.028	1
54	"Pima"	575	0.016	0.024	1
54	"Pima"	575	0.016	0.023	1
54	"Pima"	575	0.011	0.014	1
54	"Pima"	575	0.011	0.015	1
54	"Pima"	575	0.014	0.017	1
54	"Pima"	575	0.01	0.018	1
54	"Pima"	575	0.012	0.016	1
54	"Pima"	575	0.014	0.017	1
54	"Pima"	575	0.01	0.017	1
55	"Pima"	190	0.019	0.024	1
55	"Pima"	190	0.015	0.024	1
55	"Pima"	190	0.012	0.022	1
55	"Pima"	190	0.017	0.025	1
55	"Pima"	190	0.015	0.017	1
55	"Pima"	190	0.011	0.019	1
55	"Pima"	190	0.015	0.022	1
55	"Pima"	190	0.019	0.029	1
55	"Pima"	190	0.013	0.022	1
55	"Pima"	190	0.018	0.02	1
55	"Pima"	190	0.014	0.021	1
55	"Pima"	190	0.015	0.023	1
55	"Pima"	190	0.016	0.026	1
55	"Pima"	190	0.018	0.022	1
55	"Pima"	190	0.013	0.021	1
55	"Pima"	190	0.019	0.028	1
55	"Pima"	190	0.018	0.02	1
55	"Pima"	190	0.011	0.013	1
55	"Pima"	190	0.013	0.022	1
55	"Pima"	190	0.014	0.024	1
56	"Pima"	135	0.012	0.017	1
56	"Pima"	135	0.017	0.027	1
56	"Pima"	135	0.01	0.018	1
56	"Pima"	135	0.015	0.019	1
56	"Pima"	135	0.015	0.024	1
56	"Pima"	135	0.017	0.02	1
56	"Pima"	135	0.015	0.021	1
56	"Pima"	135	0.01	0.019	1
56	"Pima"	135	0.012	0.017	1
56	"Pima"	135	0.019	0.026	1
56	"Pima"	135	0.014	0.02	1
56	"Pima"	135	0.019	0.029	1
56	"Pima"	135	0.012	0.018	1
56	"Pima"	135	0.017	0.026	1
56	"Pima"	135	0.018	0.027	1
56	"Pima"	135	0.01	0.011	1
56	"Pima"	135	0.018	0.026	1
56	"Pima"	135	0.019	0.028	1
56	"Pima"	135	0.011	0.015	1
56	"Pima"	135	0.018	0.023	1
57	"Pima"	290	0.012	0.014	1
57	"Pima"	290	0.012	0.021	1
57	"Pima"	290	0.015	0.019	1
57	"Pima"	290	0.013	0.023	1
57	"Pima"	290	0.014	0.024	1
57	"Pima"	290	0.011	0.019	1
57	"Pima"	290	0.012	0.016	1
57	"Pima"	290	0.019	0.025	1
57	"Pima"	290	0.019	0.021	1
57	"Pima"	290	0.016	0.025	1
57	"Pima"	290	0.013	0.016	1
57	"Pima"	290	0.016	0.019	1
57	"Pima"	290	0.017	0.021	1
57	"Pima"	290	0.011	0.012	1
57	"Pima"	290	0.013	0.021	1
57	"Pima"	290	0.016	0.019	1
57	"Pima"	290	0.01	0.015	1
57	"Pima"	290	0.016	0.024	1
57	"Pima"	290	0.016	0.019	1
57	"Pima"	290	0.011	0.016	1
58	"Pima"	70	0.019	0.021	1
58	"Pima"	70	0.019	0.025	1
58	"Pima"	70	0.017	0.019	1
58	"Pima"	70	0.018	0.025	1
58	"Pima"	70	0.016	0.017	1
58	"Pima"	70	0.012	0.014	1
58	"Pima"	70	0.019	0.02	1
58	"Pima"	70	0.018	0.024	1
58	"Pima"	70	0.014	0.017	1
58	"Pima"	70	0.012	0.018	1
58	"Pima"	70	0.015	0.02	1
58	"Pima"	70	0.013	0.017	1
58	"Pima"	70	0.01	0.014	1
58	"Pima"	70	0.01	0.011	1
58	"Pima"	70	0.02	0.029	1
58	"Pima"	70	0.02	0.025	1
58	"Pima"	70	0.012	0.014	1
58	"Pima"	70	0.017	0.02	1
58	"Pima"	70	0.011	0.014	1
58	"Pima"	70	0.018	0.028	1
59	"Pima"	235	0.013	0.021	1
59	"Pima"	235	0.017	0.021	1
59	"Pima"	235	0.019	0.025	1
59	"Pima"	235	0.01	0.014	1
59	"Pima"	235	0.012	0.02	1
59	"Pima"	235	0.018	0.019	1
59	"Pima"	235	0.013	0.019	1
59	"Pima"	235	0.015	0.017	1
59	"Pima"	235	0.014	0.021	1
59	"Pima"	235	0.014	0.022	1
59	"Pima"	235	0.019	0.023	1
59	"Pima"	235	0.019	0.027	1
59	"Pima"	235	0.017	0.026	1
59	"Pima"	235	0.014	0.021	1
59	"Pima"	235	0.019	0.028	1
59	"Pima"	235	0.015	0.016	1
59	"Pima"	235	0.014	0.016	1
59	"Pima"	235	0.016	0.019	1
59	"Pima"	235	0.019	0.022	1
59	"Pima"	235	0.013	0.015	1
60	"Pima"	165	0.02	0.024	1
60	"Pima"	165	0.014	0.022	1
60	"Pima"	165	0.016	0.018	1
60	"Pima"	165	0.013	0.014	1
60	"Pima"	165	0.017	0.019	1
60	"Pima"	165	0.017	0.025	1
60	"Pima"	165	0.013	0.022	1
60	"Pima"	165	0.016	0.021	1
60	"Pima"	165	0.014	0.015	1
60	"Pima"	165	0.012	0.013	1
60	"Pima"	165	0.013	0.015	1
60	"Pima"	165	0.014	0.021	1
60	"Pima"	165	0.012	0.021	1
60	"Pima"	165	0.018	0.023	1
60	"Pima"	165	0.012	0.022	1
60	"Pima"	165	0.011	0.014	1
60	"Pima"	165	0.012	0.014	1
60	"Pima"	165	0.015	0.019	1
60	"Pima"	165	0.019	0.027	1
60	"Pima"	165	0.016	0.025	1
61	"Pima"	215	0.014	0.019	1
61	"Pima"	215	0.014	0.022	1
61	"Pima"	215	0.018	0.027	1
61	"Pima"	215	0.011	0.012	1
61	"Pima"	215	0.017	0.022	1
61	"Pima"	215	0.01	0.013	1
61	"Pima"	215	0.013	0.02	1
61	"Pima"	215	0.013	0.02	1
61	"Pima"	215	0.016	0.025	1
61	"Pima"	215	0.011	0.015	1
61	"Pima"	215	0.013	0.018	1
61	"Pima"	215	0.011	0.021	1
61	"Pima"	215	0.02	0.022	1
61	"Pima"	215	0.015	0.021	1
61	"Pima"	215	0.018	0.022	1
61	"Pima"	215	0.015	0.017	1
61	"Pima"	215	0.014	0.018	1
61	"Pima"	215	0.016	0.024	1
61	"Pima"	215	0.019	0.022	1
61	"Pima"	215	0.013	0.021	1
62	"Pima"	95	0.011	0.021	1
62	"Pima"	95	0.011	0.02	1
62	"Pima"	95	0.014	0.022	1
62	"Pima"	95	0.014	0.022	1
62	"Pima"	95	0.019	0.024	1
62	"Pima"	95	0.017	0.018	1
62	"Pima"	95	0.016	0.02	1
62	"Pima"	95	0.013	0.018	1
62	"Pima"	95	0.015	0.021	1
62	"Pima"	95	0.015	0.023	1
62	"Pima"	95	0.014	0.016	1
62	"Pima"	95	0.02	0.027	1
62	"Pima"	95	0.018	0.024	1
62	"Pima"	95	0.016	0.025	1
62	"Pima"	95	0.012	0.018	1
62	"Pima"	95	0.013	0.02	1
62	"Pima"	95	0.016	0.02	1
62	"Pima"	95	0.015	0.022	1
62	"Pima"	95	0.019	0.028	1
62	"Pima"	95	0.012	0.02	1
63	"Pima"	275	0.013	0.023	1
63	"Pima"	275	0.014	0.02	1
63	"Pima"	275	0.019	0.025	1
63	"Pima"	275	0.017	0.026	1
63	"Pima"	275	0.019	0.021	1
63	"Pima"	275	0.015	0.018	1
63	"Pima"	275	0.01	0.017	1
63	"Pima"	275	0.013	0.021	1
63	"Pima"	275	0.014	0.016	1
63	"Pima"	275	0.013	0.018	1
63	"Pima"	275	0.014	0.02	1
63	"Pima"	275	0.019	0.027	1
63	"Pima"	275	0.018	0.026	1
63	"Pima"	275	0.02	0.022	1
63	"Pima"	275	0.014	0.021	1
63	"Pima"	275	0.011	0.014	1
63	"Pima"	275	0.011	0.016	1
63	"Pima"	275	0.016	0.018	1
63	"Pima"	275	0.016	0.025	1
63	"Pima"	275	0.018	0.026	1
64	"Pima"	50	0.018	0.028	1
64	"Pima"	50	0.019	0.024	1
64	"Pima"	50	0.014	0.016	1
64	"Pima"	50	0.016	0.019	1
64	"Pima"	50	0.02	0.022	1
64	"Pima"	50	0.011	0.019	1
64	"Pima"	50	0.017	0.023	1
64	"Pima"	50	0.018	0.021	1
64	"Pima"	50	0.017	0.027	1
64	"Pima"	50	0.013	0.017	1
64	"Pima"	50	0.01	0.014	1
64	"Pima"	50	0.014	0.021	1
64	"Pima"	50	0.02	0.03	1
64	"Pima"	50	0.017	0.024	1
64	"Pima"	50	0.015	0.022	1
64	"Pima"	50	0.011	0.019	1
64	"Pima"	50	0.01	0.016	1
64	"Pima"	50	0.015	0.02	1
64	"Pima"	50	0.019	0.027	1
64	"Pima"	50	0.018	0.022	1
65	"Pima"	440	0.016	0.018	1
65	"Pima"	440	0.011	0.015	1
65	"Pima"	440	0.01	0.018	1
65	"Pima"	440	0.012	0.017	1
65	"Pima"	440	0.016	0.023	1
65	"Pima"	440	0.02	0.027	1
65	"Pima"	440	0.012	0.018	1
65	"Pima"	440	0.012	0.018	1
65	"Pima"	440	0.016	0.018	1
65	"Pima"	440	0.019	0.022	1
65	"Pima"	440	0.019	0.025	1
65	"Pima"	440	0.019	0.028	1
65	"Pima"	440	0.012	0.019	1
65	"Pima"	440	0.012	0.018	1
65	"Pima"	440	0.015	0.022	1
65	"Pima"	440	0.014	0.023	1
65	"Pima"	440	0.016	0.018	1
65	"Pima"	440	0.019	0.029	1
65	"Pima"	440	0.017	0.019	1
65	"Pima"	440	0.013	0.021	1
66	"Pima"	150	0.014	0.021	1
66	"Pima"	150	0.013	0.021	1
66	"Pima"	150	0.014	0.023	1
66	"Pima"	150	0.019	0.026	1
66	"Pima"	150	0.013	0.022	1
66	"Pima"	150	0.017	0.023	1
66	"Pima"	150	0.014	0.022	1
66	"Pima"	150	0.013	0.021	1
66	"Pima"	150	0.015	0.018	1
66	"Pima"	150	0.012	0.021	1
66	"Pima"	150	0.012	0.021	1
66	"Pima"	150	0.019	0.029	1
66	"Pima"	150	0.01	0.014	1
66	"Pima"	150	0.019	0.02	1
66	"Pima"	150	0.01	0.02	1
66	"Pima"	150	0.011	0.021	1
66	"Pima"	150	0.013	0.016	1
66	"Pima"	150	0.019	0.024	1
66	"Pima"	150	0.014	0.019	1
66	"Pima"	150	0.013	0.017	1
67	"Pima"	275	0.016	0.021	1
67	"Pima"	275	0.018	0.019	1
67	"Pima"	275	0.012	0.018	1
67	"Pima"	275	0.012	0.018	1
67	"Pima"	275	0.019	0.024	1
67	"Pima"	275	0.019	0.022	1
67	"Pima"	275	0.013	0.018	1
67	"Pima"	275	0.014	0.015	1
67	"Pima"	275	0.012	0.02	1
67	"Pima"	275	0.014	0.015	1
67	"Pima"	275	0.012	0.019	1
67	"Pima"	275	0.017	0.023	1
67	"Pima"	275	0.016	0.022	1
67	"Pima"	275	0.014	0.02	1
67	"Pima"	275	0.019	0.021	1
67	"Pima"	275	0.013	0.017	1
67	"Pima"	275	0.011	0.014	1
67	"Pima"	275	0.012	0.018	1
67	"Pima"	275	0.014	0.021	1
67	"Pima"	275	0.015	0.021	1
68	"Pima"	385	0.017	0.024	1
68	"Pima"	385	0.01	0.012	1
68	"Pima"	385	0.015	0.023	1
68	"Pima"	385	0.012	0.017	1
68	"Pima"	385	0.011	0.016	1
68	"Pima"	385	0.012	0.019	1
68	"Pima"	385	0.012	0.018	1
68	"Pima"	385	0.014	0.024	1
68	"Pima"	385	0.017	0.027	1
68	"Pima"	385	0.011	0.016	1
68	"Pima"	385	0.01	0.014	1
68	"Pima"	385	0.02	0.029	1
68	"Pima"	385	0.019	0.025	1
68	"Pima"	385	0.014	0.019	1
68	"Pima"	385	0.02	0.028	1
68	"Pima"	385	0.014	0.023	1
68	"Pima"	385	0.01	0.016	1
68	"Pima"	385	0.017	0.021	1
68	"Pima"	385	0.017	0.02	1
68	"Pima"	385	0.02	0.026	1
69	"Pima"	485	0.013	0.015	1
69	"Pima"	485	0.016	0.024	1
69	"Pima"	485	0.02	0.024	1
69	"Pima"	485	0.015	0.021	1
69	"Pima"	485	0.011	0.014	1
69	"Pima"	485	0.01	0.016	1
69	"Pima"	485	0.015	0.021	1
69	"Pima"	485	0.015	0.017	1
69	"Pima"	485	0.016	0.018	1
69	"Pima"	485	0.013	0.021	1
69	"Pima"	485	0.012	0.014	1
69	"Pima"	485	0.012	0.015	1
69	"Pima"	485	0.014	0.021	1
69	"Pima"	485	0.018	0.023	1
69	"Pima"	485	0.012	0.018	1
69	"Pima"	485	0.02	0.028	1
69	"Pima"	485	0.015	0.021	1
69	"Pima"	485	0.012	0.021	1
69	"Pima"	485	0.012	0.018	1
69	"Pima"	485	0.019	0.023	1
70	"Pima"	325	0.013	0.017	1
70	"Pima"	325	0.015	0.016	1
70	"Pima"	325	0.014	0.019	1
70	"Pima"	325	0.017	0.027	1
70	"Pima"	325	0.019	0.021	1
70	"Pima"	325	0.014	0.018	1
70	"Pima"	325	0.013	0.018	1
70	"Pima"	325	0.018	0.022	1
70	"Pima"	325	0.018	0.022	1
70	"Pima"	325	0.014	0.018	1
70	"Pima"	325	0.019	0.023	1
70	"Pima"	325	0.014	0.021	1
70	"Pima"	325	0.018	0.024	1
70	"Pima"	325	0.011	0.018	1
70	"Pima"	325	0.018	0.022	1
70	"Pima"	325	0.011	0.012	1
70	"Pima"	325	0.014	0.02	1
70	"Pima"	325	0.019	0.02	1
70	"Pima"	325	0.018	0.022	1
70	"Pima"	325	0.013	0.017	1
71	"Pima"	485	0.012	0.019	1
71	"Pima"	485	0.015	0.023	1
71	"Pima"	485	0.01	0.013	1
71	"Pima"	485	0.015	0.017	1
71	"Pima"	485	0.018	0.02	1
71	"Pima"	485	0.013	0.021	1
71	"Pima"	485	0.018	0.027	1
71	"Pima"	485	0.016	0.024	1
71	"Pima"	485	0.015	0.024	1
71	"Pima"	485	0.018	0.026	1
71	"Pima"	485	0.013	0.021	1
71	"Pima"	485	0.017	0.02	1
71	"Pima"	485	0.018	0.026	1
71	"Pima"	485	0.011	0.014	1
71	"Pima"	485	0.014	0.021	1
71	"Pima"	485	0.02	0.021	1
71	"Pima"	485	0.012	0.015	1
71	"Pima"	485	0.011	0.019	1
71	"Pima"	485	0.019	0.028	1
71	"Pima"	485	0.013	0.015	1
72	"Pima"	185	0.012	0.018	1
72	"Pima"	185	0.019	0.022	1
72	"Pima"	185	0.016	0.018	1
72	"Pima"	185	0.013	0.015	1
72	"Pima"	185	0.017	0.022	1
72	"Pima"	185	0.012	0.015	1
72	"Pima"	185	0.016	0.018	1
72	"Pima"	185	0.016	0.019	1
72	"Pima"	185	0.014	0.022	1
72	"Pima"	185	0.01	0.011	1
72	"Pima"	185	0.013	0.022	1
72	"Pima"	185	0.013	0.022	1
72	"Pima"	185	0.019	0.024	1
72	"Pima"	185	0.014	0.016	1
72	"Pima"	185	0.015	0.017	1
72	"Pima"	185	0.012	0.014	1
72	"Pima"	185	0.017	0.024	1
72	"Pima"	185	0.017	0.024	1
72	"Pima"	185	0.012	0.018	1
72	"Pima"	185	0.015	0.018	1
73	"Pima"	190	0.018	0.02	1
73	"Pima"	190	0.019	0.022	1
73	"Pima"	190	0.012	0.018	1
73	"Pima"	190	0.015	0.018	1
73	"Pima"	190	0.011	0.016	1
73	"Pima"	190	0.011	0.015	1
73	"Pima"	190	0.01	0.012	1
73	"Pima"	190	0.019	0.025	1
73	"Pima"	190	0.019	0.021	1
73	"Pima"	190	0.012	0.014	1
73	"Pima"	190	0.018	0.026	1
73	"Pima"	190	0.017	0.026	1
73	"Pima"	190	0.02	0.029	1
73	"Pima"	190	0.015	0.02	1
73	"Pima"	190	0.019	0.026	1
73	"Pima"	190	0.019	0.027	1
73	"Pima"	190	0.015	0.019	1
73	"Pima"	190	0.011	0.015	1
73	"Pima"	190	0.015	0.022	1
73	"Pima"	190	0.018	0.022	1
74	"Pima"	45	0.011	0.013	1
74	"Pima"	45	0.013	0.022	1
74	"Pima"	45	0.014	0.022	1
74	"Pima"	45	0.017	0.018	1
74	"Pima"	45	0.015	0.017	1
74	"Pima"	45	0.014	0.016	1
74	"Pima"	45	0.017	0.021	1
74	"Pima"	45	0.019	0.029	1
74	"Pima"	45	0.019	0.028	1
74	"Pima"	45	0.015	0.016	1
74	"Pima"	45	0.017	0.021	1
74	"Pima"	45	0.019	0.023	1
74	"Pima"	45	0.019	0.027	1
74	"Pima"	45	0.019	0.026	1
74	"Pima"	45	0.017	0.026	1
74	"Pima"	45	0.02	0.028	1
74	"Pima"	45	0.016	0.025	1
74	"Pima"	45	0.017	0.021	1
74	"Pima"	45	0.018	0.026	1
74	"Pima"	45	0.018	0.028	1
75	"Pima"	935	0.012	0.02	1
75	"Pima"	935	0.017	0.024	1
75	"Pima"	935	0.012	0.021	1
75	"Pima"	935	0.019	0.027	1
75	"Pima"	935	0.011	0.02	1
75	"Pima"	935	0.019	0.02	1
75	"Pima"	935	0.015	0.018	1
75	"Pima"	935	0.011	0.018	1
75	"Pima"	935	0.019	0.027	1
75	"Pima"	935	0.01	0.015	1
75	"Pima"	935	0.015	0.019	1
75	"Pima"	935	0.014	0.021	1
75	"Pima"	935	0.017	0.021	1
75	"Pima"	935	0.014	0.021	1
75	"Pima"	935	0.018	0.026	1
75	"Pima"	935	0.018	0.022	1
75	"Pima"	935	0.019	0.028	1
75	"Pima"	935	0.019	0.021	1
75	"Pima"	935	0.013	0.019	1
75	"Pima"	935	0.014	0.018	1
76	"Pima"	260	0.018	0.026	1
76	"Pima"	260	0.02	0.025	1
76	"Pima"	260	0.019	0.022	1
76	"Pima"	260	0.017	0.025	1
76	"Pima"	260	0.017	0.02	1
76	"Pima"	260	0.013	0.018	1
76	"Pima"	260	0.013	0.023	1
76	"Pima"	260	0.015	0.02	1
76	"Pima"	260	0.019	0.025	1
76	"Pima"	260	0.015	0.019	1
76	"Pima"	260	0.013	0.018	1
76	"Pima"	260	0.012	0.018	1
76	"Pima"	260	0.019	0.02	1
76	"Pima"	260	0.016	0.024	1
76	"Pima"	260	0.017	0.023	1
76	"Pima"	260	0.015	0.016	1
76	"Pima"	260	0.019	0.023	1
76	"Pima"	260	0.018	0.027	1
76	"Pima"	260	0.013	0.021	1
76	"Pima"	260	0.012	0.015	1
77	"Pima"	475	0.019	0.026	1
77	"Pima"	475	0.01	0.018	1
77	"Pima"	475	0.012	0.016	1
77	"Pima"	475	0.017	0.022	1
77	"Pima"	475	0.018	0.023	1
77	"Pima"	475	0.02	0.024	1
77	"Pima"	475	0.013	0.016	1
77	"Pima"	475	0.018	0.02	1
77	"Pima"	475	0.02	0.023	1
77	"Pima"	475	0.019	0.024	1
77	"Pima"	475	0.017	0.024	1
77	"Pima"	475	0.012	0.021	1
77	"Pima"	475	0.01	0.014	1
77	"Pima"	475	0.012	0.018	1
77	"Pima"	475	0.015	0.02	1
77	"Pima"	475	0.011	0.02	1
77	"Pima"	475	0.018	0.02	1
77	"Pima"	475	0.015	0.021	1
77	"Pima"	475	0.016	0.019	1
77	"Pima"	475	0.018	0.023	1
78	"Pima"	350	0.01	0.018	1
78	"Pima"	350	0.015	0.024	1
78	"Pima"	350	0.013	0.015	1
78	"Pima"	350	0.017	0.025	1
78	"Pima"	350	0.013	0.015	1
78	"Pima"	350	0.018	0.02	1
78	"Pima"	350	0.019	0.026	1
78	"Pima"	350	0.017	0.024	1
78	"Pima"	350	0.011	0.013	1
78	"Pima"	350	0.011	0.017	1
78	"Pima"	350	0.011	0.019	1
78	"Pima"	350	0.012	0.017	1
78	"Pima"	350	0.013	0.022	1
78	"Pima"	350	0.012	0.013	1
78	"Pima"	350	0.019	0.026	1
78	"Pima"	350	0.016	0.021	1
78	"Pima"	350	0.01	0.016	1
78	"Pima"	350	0.014	0.021	1
78	"Pima"	350	0.013	0.015	1
78	"Pima"	350	0.01	0.015	1
79	"Pima"	385	0.012	0.017	1
79	"Pima"	385	0.019	0.022	1
79	"Pima"	385	0.017	0.021	1
79	"Pima"	385	0.013	0.016	1
79	"Pima"	385	0.02	0.028	1
79	"Pima"	385	0.02	0.022	1
79	"Pima"	385	0.015	0.021	1
79	"Pima"	385	0.014	0.017	1
79	"Pima"	385	0.016	0.022	1
79	"Pima"	385	0.015	0.022	1
79	"Pima"	385	0.018	0.019	1
79	"Pima"	385	0.019	0.021	1
79	"Pima"	385	0.014	0.019	1
79	"Pima"	385	0.016	0.025	1
79	"Pima"	385	0.013	0.021	1
79	"Pima"	385	0.014	0.022	1
79	"Pima"	385	0.016	0.026	1
79	"Pima"	385	0.014	0.022	1
79	"Pima"	385	0.013	0.017	1
79	"Pima"	385	0.02	0.021	1
80	"Pima"	240	0.014	0.024	1
80	"Pima"	240	0.016	0.022	1
80	"Pima"	240	0.017	0.025	1
80	"Pima"	240	0.015	0.018	1
80	"Pima"	240	0.02	0.022	1
80	"Pima"	240	0.012	0.021	1
80	"Pima"	240	0.018	0.02	1
80	"Pima"	240	0.017	0.027	1
80	"Pima"	240	0.016	0.023	1
80	"Pima"	240	0.015	0.02	1
80	"Pima"	240	0.017	0.026	1
80	"Pima"	240	0.018	0.025	1
80	"Pima"	240	0.017	0.027	1
80	"Pima"	240	0.012	0.014	1
80	"Pima"	240	0.012	0.017	1
80	"Pima"	240	0.014	0.018	1
80	"Pima"	240	0.019	0.027	1
80	"Pima"	240	0.012	0.022	1
80	"Pima"	240	0.018	0.019	1
80	"Pima"	240	0.016	0.025	1
81	"Pima"	75	0.012	0.021	1
81	"Pima"	75	0.012	0.021	1
81	"Pima"	75	0.012	0.017	1
81	"Pima"	75	0.014	0.019	1
81	"Pima"	75	0.012	0.018	1
81	"Pima"	75	0.014	0.018	1
81	"Pima"	75	0.014	0.016	1
81	"Pima"	75	0.018	0.027	1
81	"Pima"	75	0.013	0.018	1
81	"Pima"	75	0.014	0.018	1
81	"Pima"	75	0.013	0.019	1
81	"Pima"	75	0.011	0.02	1
81	"Pima"	75	0.013	0.02	1
81	"Pima"	75	0.013	0.019	1
81	"Pima"	75	0.011	0.019	1
81	"Pima"	75	0.016	0.021	1
81	"Pima"	75	0.011	0.015	1
81	"Pima"	75	0.016	0.023	1
81	"Pima"	75	0.014	0.018	1
81	"Pima"	75	0.014	0.019	1
82	"Pima"	300	0.015	0.023	1
82	"Pima"	300	0.011	0.013	1
82	"Pima"	300	0.014	0.023	1
82	"Pima"	300	0.015	0.02	1
82	"Pima"	300	0.012	0.017	1
82	"Pima"	300	0.011	0.018	1
82	"Pima"	300	0.012	0.021	1
82	"Pima"	300	0.016	0.019	1
82	"Pima"	300	0.019	0.025	1
82	"Pima"	300	0.019	0.021	1
82	"Pima"	300	0.016	0.019	1
82	"Pima"	300	0.019	0.023	1
82	"Pima"	300	0.016	0.018	1
82	"Pima"	300	0.011	0.014	1
82	"Pima"	300	0.019	0.021	1
82	"Pima"	300	0.019	0.021	1
82	"Pima"	300	0.014	0.023	1
82	"Pima"	300	0.018	0.023	1
82	"Pima"	300	0.018	0.026	1
82	"Pima"	300	0.014	0.024	1
83	"Pima"	115	0.017	0.024	1
83	"Pima"	115	0.012	0.02	1
83	"Pima"	115	0.018	0.025	1
83	"Pima"	115	0.011	0.018	1
83	"Pima"	115	0.014	0.018	1
83	"Pima"	115	0.016	0.024	1
83	"Pima"	115	0.013	0.02	1
83	"Pima"	115	0.012	0.015	1
83	"Pima"	115	0.02	0.029	1
83	"Pima"	115	0.01	0.017	1
83	"Pima"	115	0.017	0.019	1
83	"Pima"	115	0.017	0.021	1
83	"Pima"	115	0.011	0.017	1
83	"Pima"	115	0.014	0.017	1
83	"Pima"	115	0.01	0.013	1
83	"Pima"	115	0.016	0.023	1
83	"Pima"	115	0.011	0.02	1
83	"Pima"	115	0.017	0.019	1
83	"Pima"	115	0.017	0.018	1
83	"Pima"	115	0.017	0.025	1
84	"Pima"	605	0.016	0.019	1
84	"Pima"	605	0.012	0.013	1
84	"Pima"	605	0.015	0.018	1
84	"Pima"	605	0.016	0.022	1
84	"Pima"	605	0.014	0.02	1
84	"Pima"	605	0.017	0.023	1
84	"Pima"	605	0.016	0.02	1
84	"Pima"	605	0.014	0.018	1
84	"Pima"	605	0.019	0.026	1
84	"Pima"	605	0.01	0.019	1
84	"Pima"	605	0.016	0.019	1
84	"Pima"	605	0.014	0.018	1
84	"Pima"	605	0.011	0.019	1
84	"Pima"	605	0.012	0.019	1
84	"Pima"	605	0.013	0.016	1
84	"Pima"	605	0.018	0.022	1
84	"Pima"	605	0.018	0.023	1
84	"Pima"	605	0.015	0.02	1
84	"Pima"	605	0.02	0.023	1
84	"Pima"	605	0.014	0.021	1
85	"Pima"	115	0.015	0.018	1
85	"Pima"	115	0.014	0.021	1
85	"Pima"	115	0.02	0.024	1
85	"Pima"	115	0.015	0.021	1
85	"Pima"	115	0.01	0.013	1
85	"Pima"	115	0.018	0.025	1
85	"Pima"	115	0.017	0.02	1
85	"Pima"	115	0.016	0.023	1
85	"Pima"	115	0.01	0.016	1
85	"Pima"	115	0.011	0.02	1
85	"Pima"	115	0.01	0.016	1
85	"Pima"	115	0.014	0.024	1
85	"Pima"	115	0.014	0.016	1
85	"Pima"	115	0.018	0.024	1
85	"Pima"	115	0.017	0.018	1
85	"Pima"	115	0.017	0.019	1
85	"Pima"	115	0.015	0.023	1
85	"Pima"	115	0.011	0.013	1
85	"Pima"	115	0.012	0.014	1
85	"Pima"	115	0.017	0.027	1
86	"Pima"	360	0.016	0.018	1
86	"Pima"	360	0.012	0.017	1
86	"Pima"	360	0.016	0.022	1
86	"Pima"	360	0.016	0.02	1
86	"Pima"	360	0.011	0.016	1
86	"Pima"	360	0.013	0.016	1
86	"Pima"	360	0.02	0.022	1
86	"Pima"	360	0.016	0.023	1
86	"Pima"	360	0.02	0.024	1
86	"Pima"	360	0.019	0.025	1
86	"Pima"	360	0.012	0.017	1
86	"Pima"	360	0.014	0.02	1
86	"Pima"	360	0.02	0.024	1
86	"Pima"	360	0.013	0.016	1
86	"Pima"	360	0.012	0.014	1
86	"Pima"	360	0.01	0.018	1
86	"Pima"	360	0.012	0.014	1
86	"Pima"	360	0.016	0.023	1
86	"Pima"	360	0.012	0.019	1
86	"Pima"	360	0.017	0.018	1
87	"Pima"	675	0.019	0.025	1
87	"Pima"	675	0.018	0.028	1
87	"Pima"	675	0.019	0.024	1
87	"Pima"	675	0.02	0.024	1
87	"Pima"	675	0.01	0.012	1
87	"Pima"	675	0.016	0.017	1
87	"Pima"	675	0.018	0.025	1
87	"Pima"	675	0.018	0.022	1
87	"Pima"	675	0.012	0.016	1
87	"Pima"	675	0.017	0.025	1
87	"Pima"	675	0.014	0.02	1
87	"Pima"	675	0.015	0.019	1
87	"Pima"	675	0.011	0.015	1
87	"Pima"	675	0.011	0.02	1
87	"Pima"	675	0.013	0.017	1
87	"Pima"	675	0.019	0.022	1
87	"Pima"	675	0.02	0.021	1
87	"Pima"	675	0.011	0.014	1
87	"Pima"	675	0.02	0.024	1
87	"Pima"	675	0.01	0.012	1
88	"Pima"	335	0.012	0.022	1
88	"Pima"	335	0.016	0.024	1
88	"Pima"	335	0.014	0.021	1
88	"Pima"	335	0.019	0.026	1
88	"Pima"	335	0.01	0.012	1
88	"Pima"	335	0.02	0.023	1
88	"Pima"	335	0.012	0.018	1
88	"Pima"	335	0.017	0.024	1
88	"Pima"	335	0.014	0.021	1
88	"Pima"	335	0.012	0.018	1
88	"Pima"	335	0.015	0.023	1
88	"Pima"	335	0.013	0.023	1
88	"Pima"	335	0.012	0.018	1
88	"Pima"	335	0.011	0.02	1
88	"Pima"	335	0.016	0.021	1
88	"Pima"	335	0.018	0.025	1
88	"Pima"	335	0.019	0.028	1
88	"Pima"	335	0.014	0.017	1
88	"Pima"	335	0.013	0.023	1
88	"Pima"	335	0.014	0.024	1
89	"Pima"	30	0.015	0.019	1
89	"Pima"	30	0.015	0.02	1
89	"Pima"	30	0.011	0.013	1
89	"Pima"	30	0.016	0.02	1
89	"Pima"	30	0.015	0.02	1
89	"Pima"	30	0.018	0.02	1
89	"Pima"	30	0.012	0.019	1
89	"Pima"	30	0.019	0.029	1
89	"Pima"	30	0.018	0.022	1
89	"Pima"	30	0.011	0.017	1
89	"Pima"	30	0.014	0.02	1
89	"Pima"	30	0.015	0.021	1
89	"Pima"	30	0.01	0.012	1
89	"Pima"	30	0.014	0.02	1
89	"Pima"	30	0.019	0.023	1
89	"Pima"	30	0.016	0.018	1
89	"Pima"	30	0.017	0.026	1
89	"Pima"	30	0.015	0.025	1
89	"Pima"	30	0.02	0.027	1
89	"Pima"	30	0.012	0.02	1
90	"Pima"	140	0.015	0.018	1
90	"Pima"	140	0.013	0.015	1
90	"Pima"	140	0.012	0.018	1
90	"Pima"	140	0.019	0.02	1
90	"Pima"	140	0.018	0.019	1
90	"Pima"	140	0.015	0.016	1
90	"Pima"	140	0.017	0.023	1
90	"Pima"	140	0.016	0.017	1
90	"Pima"	140	0.012	0.021	1
90	"Pima"	140	0.019	0.025	1
90	"Pima"	140	0.019	0.024	1
90	"Pima"	140	0.013	0.023	1
90	"Pima"	140	0.018	0.022	1
90	"Pima"	140	0.015	0.024	1
90	"Pima"	140	0.01	0.019	1
90	"Pima"	140	0.014	0.017	1
90	"Pima"	140	0.011	0.015	1
90	"Pima"	140	0.01	0.011	1
90	"Pima"	140	0.02	0.029	1
90	"Pima"	140	0.014	0.023	1
8	"Potr"	50	0.016	0.018	1
8	"Potr"	50	0.012	0.016	1
8	"Potr"	50	0.012	0.015	1
8	"Potr"	50	0.019	0.022	1
8	"Potr"	50	0.012	0.019	1
8	"Potr"	50	0.015	0.02	1
8	"Potr"	50	0.017	0.026	1
8	"Potr"	50	0.011	0.015	1
8	"Potr"	50	0.013	0.015	1
8	"Potr"	50	0.012	0.017	1
8	"Potr"	50	0.016	0.023	1
8	"Potr"	50	0.019	0.025	1
8	"Potr"	50	0.019	0.024	1
8	"Potr"	50	0.014	0.022	1
8	"Potr"	50	0.017	0.025	1
8	"Potr"	50	0.011	0.014	1
8	"Potr"	50	0.019	0.024	1
8	"Potr"	50	0.011	0.013	1
8	"Potr"	50	0.013	0.022	1
8	"Potr"	50	0.016	0.026	1
9	"Potr"	341.6666665	0.014	0.02	1
9	"Potr"	341.6666665	0.017	0.025	1
9	"Potr"	341.6666665	0.012	0.014	1
9	"Potr"	341.6666665	0.012	0.016	1
9	"Potr"	341.6666665	0.014	0.023	1
9	"Potr"	341.6666665	0.014	0.021	1
9	"Potr"	341.6666665	0.02	0.021	1
9	"Potr"	341.6666665	0.013	0.018	1
9	"Potr"	341.6666665	0.02	0.029	1
9	"Potr"	341.6666665	0.02	0.028	1
9	"Potr"	341.6666665	0.019	0.021	1
9	"Potr"	341.6666665	0.016	0.02	1
9	"Potr"	341.6666665	0.018	0.028	1
9	"Potr"	341.6666665	0.015	0.017	1
9	"Potr"	341.6666665	0.018	0.024	1
9	"Potr"	341.6666665	0.01	0.015	1
9	"Potr"	341.6666665	0.018	0.022	1
9	"Potr"	341.6666665	0.017	0.018	1
9	"Potr"	341.6666665	0.013	0.02	1
9	"Potr"	341.6666665	0.02	0.029	1
37	"Potr"	4.1666665	0.02	0.022	1
37	"Potr"	4.1666665	0.013	0.02	1
37	"Potr"	4.1666665	0.015	0.017	1
37	"Potr"	4.1666665	0.012	0.02	1
37	"Potr"	4.1666665	0.016	0.02	1
37	"Potr"	4.1666665	0.017	0.025	1
37	"Potr"	4.1666665	0.013	0.022	1
37	"Potr"	4.1666665	0.015	0.02	1
37	"Potr"	4.1666665	0.019	0.022	1
37	"Potr"	4.1666665	0.02	0.026	1
37	"Potr"	4.1666665	0.015	0.021	1
37	"Potr"	4.1666665	0.014	0.019	1
37	"Potr"	4.1666665	0.011	0.019	1
37	"Potr"	4.1666665	0.012	0.014	1
37	"Potr"	4.1666665	0.011	0.018	1
37	"Potr"	4.1666665	0.019	0.027	1
37	"Potr"	4.1666665	0.018	0.02	1
37	"Potr"	4.1666665	0.017	0.019	1
37	"Potr"	4.1666665	0.012	0.013	1
37	"Potr"	4.1666665	0.02	0.029	1
38	"Potr"	25	0.015	0.024	1
38	"Potr"	25	0.013	0.019	1
38	"Potr"	25	0.018	0.022	1
38	"Potr"	25	0.019	0.022	1
38	"Potr"	25	0.014	0.016	1
38	"Potr"	25	0.019	0.022	1
38	"Potr"	25	0.011	0.016	1
38	"Potr"	25	0.014	0.019	1
38	"Potr"	25	0.017	0.023	1
38	"Potr"	25	0.013	0.021	1
38	"Potr"	25	0.011	0.014	1
38	"Potr"	25	0.02	0.028	1
38	"Potr"	25	0.013	0.023	1
38	"Potr"	25	0.019	0.021	1
38	"Potr"	25	0.017	0.023	1
38	"Potr"	25	0.011	0.016	1
38	"Potr"	25	0.018	0.021	1
38	"Potr"	25	0.012	0.02	1
38	"Potr"	25	0.013	0.016	1
38	"Potr"	25	0.017	0.024	1
41	"Potr"	8.3333335	0.017	0.022	1
41	"Potr"	8.3333335	0.015	0.023	1
41	"Potr"	8.3333335	0.017	0.019	1
41	"Potr"	8.3333335	0.013	0.015	1
41	"Potr"	8.3333335	0.015	0.017	1
41	"Potr"	8.3333335	0.017	0.018	1
41	"Potr"	8.3333335	0.016	0.02	1
41	"Potr"	8.3333335	0.018	0.019	1
41	"Potr"	8.3333335	0.02	0.029	1
41	"Potr"	8.3333335	0.019	0.025	1
41	"Potr"	8.3333335	0.02	0.027	1
41	"Potr"	8.3333335	0.014	0.016	1
41	"Potr"	8.3333335	0.014	0.018	1
41	"Potr"	8.3333335	0.015	0.021	1
41	"Potr"	8.3333335	0.016	0.02	1
41	"Potr"	8.3333335	0.016	0.022	1
41	"Potr"	8.3333335	0.013	0.014	1
41	"Potr"	8.3333335	0.018	0.02	1
41	"Potr"	8.3333335	0.012	0.021	1
41	"Potr"	8.3333335	0.015	0.019	1
43	"Potr"	144.4444445	0.017	0.022	1
43	"Potr"	144.4444445	0.014	0.023	1
43	"Potr"	144.4444445	0.019	0.028	1
43	"Potr"	144.4444445	0.016	0.019	1
43	"Potr"	144.4444445	0.019	0.025	1
43	"Potr"	144.4444445	0.014	0.019	1
43	"Potr"	144.4444445	0.01	0.015	1
43	"Potr"	144.4444445	0.012	0.016	1
43	"Potr"	144.4444445	0.019	0.025	1
43	"Potr"	144.4444445	0.019	0.027	1
43	"Potr"	144.4444445	0.015	0.025	1
43	"Potr"	144.4444445	0.01	0.015	1
43	"Potr"	144.4444445	0.01	0.017	1
43	"Potr"	144.4444445	0.013	0.021	1
43	"Potr"	144.4444445	0.018	0.024	1
43	"Potr"	144.4444445	0.013	0.016	1
43	"Potr"	144.4444445	0.012	0.019	1
43	"Potr"	144.4444445	0.011	0.02	1
43	"Potr"	144.4444445	0.011	0.015	1
43	"Potr"	144.4444445	0.015	0.024	1
44	"Potr"	8.3333335	0.014	0.02	1
44	"Potr"	8.3333335	0.013	0.016	1
44	"Potr"	8.3333335	0.02	0.029	1
44	"Potr"	8.3333335	0.012	0.018	1
44	"Potr"	8.3333335	0.018	0.021	1
44	"Potr"	8.3333335	0.018	0.022	1
44	"Potr"	8.3333335	0.01	0.015	1
44	"Potr"	8.3333335	0.017	0.021	1
44	"Potr"	8.3333335	0.013	0.023	1
44	"Potr"	8.3333335	0.018	0.028	1
44	"Potr"	8.3333335	0.017	0.027	1
44	"Potr"	8.3333335	0.016	0.019	1
44	"Potr"	8.3333335	0.018	0.023	1
44	"Potr"	8.3333335	0.01	0.018	1
44	"Potr"	8.3333335	0.012	0.021	1
44	"Potr"	8.3333335	0.015	0.02	1
44	"Potr"	8.3333335	0.012	0.019	1
44	"Potr"	8.3333335	0.014	0.017	1
44	"Potr"	8.3333335	0.011	0.018	1
44	"Potr"	8.3333335	0.012	0.019	1
49	"Potr"	37.5	0.015	0.022	1
49	"Potr"	37.5	0.017	0.023	1
49	"Potr"	37.5	0.018	0.025	1
49	"Potr"	37.5	0.016	0.026	1
49	"Potr"	37.5	0.019	0.029	1
49	"Potr"	37.5	0.016	0.022	1
49	"Potr"	37.5	0.019	0.026	1
49	"Potr"	37.5	0.016	0.023	1
49	"Potr"	37.5	0.012	0.013	1
49	"Potr"	37.5	0.02	0.025	1
49	"Potr"	37.5	0.012	0.02	1
49	"Potr"	37.5	0.019	0.02	1
49	"Potr"	37.5	0.019	0.026	1
49	"Potr"	37.5	0.01	0.014	1
49	"Potr"	37.5	0.018	0.022	1
49	"Potr"	37.5	0.019	0.021	1
49	"Potr"	37.5	0.012	0.018	1
49	"Potr"	37.5	0.02	0.027	1
49	"Potr"	37.5	0.013	0.018	1
49	"Potr"	37.5	0.017	0.021	1
51	"Potr"	4.1666665	0.012	0.014	1
51	"Potr"	4.1666665	0.017	0.027	1
51	"Potr"	4.1666665	0.019	0.028	1
51	"Potr"	4.1666665	0.014	0.018	1
51	"Potr"	4.1666665	0.014	0.022	1
51	"Potr"	4.1666665	0.018	0.027	1
51	"Potr"	4.1666665	0.011	0.017	1
51	"Potr"	4.1666665	0.016	0.023	1
51	"Potr"	4.1666665	0.017	0.024	1
51	"Potr"	4.1666665	0.019	0.026	1
51	"Potr"	4.1666665	0.014	0.016	1
51	"Potr"	4.1666665	0.015	0.021	1
51	"Potr"	4.1666665	0.012	0.017	1
51	"Potr"	4.1666665	0.02	0.022	1
51	"Potr"	4.1666665	0.017	0.024	1
51	"Potr"	4.1666665	0.012	0.016	1
51	"Potr"	4.1666665	0.013	0.018	1
51	"Potr"	4.1666665	0.016	0.019	1
51	"Potr"	4.1666665	0.013	0.018	1
51	"Potr"	4.1666665	0.02	0.028	1
53	"Potr"	225	0.012	0.02	1
53	"Potr"	225	0.019	0.027	1
53	"Potr"	225	0.012	0.017	1
53	"Potr"	225	0.013	0.018	1
53	"Potr"	225	0.013	0.015	1
53	"Potr"	225	0.017	0.026	1
53	"Potr"	225	0.014	0.022	1
53	"Potr"	225	0.014	0.016	1
53	"Potr"	225	0.011	0.013	1
53	"Potr"	225	0.013	0.015	1
53	"Potr"	225	0.018	0.024	1
53	"Potr"	225	0.015	0.023	1
53	"Potr"	225	0.013	0.018	1
53	"Potr"	225	0.016	0.022	1
53	"Potr"	225	0.019	0.022	1
53	"Potr"	225	0.018	0.021	1
53	"Potr"	225	0.013	0.021	1
53	"Potr"	225	0.011	0.015	1
53	"Potr"	225	0.013	0.017	1
53	"Potr"	225	0.019	0.024	1
54	"Potr"	141.6666665	0.017	0.023	1
54	"Potr"	141.6666665	0.017	0.023	1
54	"Potr"	141.6666665	0.012	0.019	1
54	"Potr"	141.6666665	0.012	0.016	1
54	"Potr"	141.6666665	0.018	0.025	1
54	"Potr"	141.6666665	0.012	0.015	1
54	"Potr"	141.6666665	0.014	0.018	1
54	"Potr"	141.6666665	0.019	0.022	1
54	"Potr"	141.6666665	0.013	0.017	1
54	"Potr"	141.6666665	0.01	0.014	1
54	"Potr"	141.6666665	0.012	0.017	1
54	"Potr"	141.6666665	0.017	0.026	1
54	"Potr"	141.6666665	0.012	0.019	1
54	"Potr"	141.6666665	0.015	0.019	1
54	"Potr"	141.6666665	0.011	0.015	1
54	"Potr"	141.6666665	0.015	0.023	1
54	"Potr"	141.6666665	0.02	0.029	1
54	"Potr"	141.6666665	0.018	0.028	1
54	"Potr"	141.6666665	0.014	0.019	1
54	"Potr"	141.6666665	0.017	0.026	1
55	"Potr"	5.5555555	0.02	0.022	1
55	"Potr"	5.5555555	0.014	0.02	1
55	"Potr"	5.5555555	0.016	0.021	1
55	"Potr"	5.5555555	0.014	0.024	1
55	"Potr"	5.5555555	0.012	0.022	1
55	"Potr"	5.5555555	0.011	0.017	1
55	"Potr"	5.5555555	0.016	0.023	1
55	"Potr"	5.5555555	0.016	0.023	1
55	"Potr"	5.5555555	0.011	0.02	1
55	"Potr"	5.5555555	0.014	0.017	1
55	"Potr"	5.5555555	0.01	0.018	1
55	"Potr"	5.5555555	0.017	0.02	1
55	"Potr"	5.5555555	0.012	0.021	1
55	"Potr"	5.5555555	0.019	0.02	1
55	"Potr"	5.5555555	0.011	0.014	1
55	"Potr"	5.5555555	0.018	0.023	1
55	"Potr"	5.5555555	0.012	0.015	1
55	"Potr"	5.5555555	0.013	0.02	1
55	"Potr"	5.5555555	0.02	0.025	1
55	"Potr"	5.5555555	0.018	0.02	1
66	"Potr"	8.3333335	0.015	0.017	1
66	"Potr"	8.3333335	0.017	0.024	1
66	"Potr"	8.3333335	0.018	0.019	1
66	"Potr"	8.3333335	0.017	0.018	1
66	"Potr"	8.3333335	0.014	0.019	1
66	"Potr"	8.3333335	0.016	0.025	1
66	"Potr"	8.3333335	0.018	0.022	1
66	"Potr"	8.3333335	0.013	0.014	1
66	"Potr"	8.3333335	0.013	0.015	1
66	"Potr"	8.3333335	0.02	0.022	1
66	"Potr"	8.3333335	0.01	0.015	1
66	"Potr"	8.3333335	0.02	0.025	1
66	"Potr"	8.3333335	0.011	0.019	1
66	"Potr"	8.3333335	0.017	0.024	1
66	"Potr"	8.3333335	0.018	0.02	1
66	"Potr"	8.3333335	0.011	0.013	1
66	"Potr"	8.3333335	0.015	0.025	1
66	"Potr"	8.3333335	0.017	0.018	1
66	"Potr"	8.3333335	0.017	0.02	1
66	"Potr"	8.3333335	0.013	0.021	1
72	"Potr"	83.3333335	0.013	0.017	1
72	"Potr"	83.3333335	0.019	0.027	1
72	"Potr"	83.3333335	0.019	0.026	1
72	"Potr"	83.3333335	0.011	0.02	1
72	"Potr"	83.3333335	0.01	0.013	1
72	"Potr"	83.3333335	0.018	0.019	1
72	"Potr"	83.3333335	0.018	0.023	1
72	"Potr"	83.3333335	0.012	0.016	1
72	"Potr"	83.3333335	0.014	0.024	1
72	"Potr"	83.3333335	0.015	0.022	1
72	"Potr"	83.3333335	0.014	0.022	1
72	"Potr"	83.3333335	0.015	0.022	1
72	"Potr"	83.3333335	0.01	0.015	1
72	"Potr"	83.3333335	0.011	0.019	1
72	"Potr"	83.3333335	0.02	0.03	1
72	"Potr"	83.3333335	0.018	0.027	1
72	"Potr"	83.3333335	0.016	0.02	1
72	"Potr"	83.3333335	0.014	0.018	1
72	"Potr"	83.3333335	0.013	0.022	1
72	"Potr"	83.3333335	0.017	0.025	1
81	"Potr"	25	0.013	0.02	1
81	"Potr"	25	0.015	0.023	1
81	"Potr"	25	0.015	0.021	1
81	"Potr"	25	0.011	0.016	1
81	"Potr"	25	0.019	0.024	1
81	"Potr"	25	0.015	0.019	1
81	"Potr"	25	0.015	0.018	1
81	"Potr"	25	0.015	0.017	1
81	"Potr"	25	0.02	0.025	1
81	"Potr"	25	0.011	0.02	1
81	"Potr"	25	0.014	0.023	1
81	"Potr"	25	0.019	0.025	1
81	"Potr"	25	0.015	0.019	1
81	"Potr"	25	0.014	0.017	1
81	"Potr"	25	0.01	0.017	1
81	"Potr"	25	0.011	0.015	1
81	"Potr"	25	0.02	0.025	1
81	"Potr"	25	0.013	0.016	1
81	"Potr"	25	0.013	0.015	1
81	"Potr"	25	0.012	0.014	1
83	"Potr"	25	0.011	0.018	1
83	"Potr"	25	0.014	0.02	1
83	"Potr"	25	0.018	0.026	1
83	"Potr"	25	0.011	0.02	1
83	"Potr"	25	0.011	0.014	1
83	"Potr"	25	0.013	0.021	1
83	"Potr"	25	0.018	0.024	1
83	"Potr"	25	0.014	0.018	1
83	"Potr"	25	0.017	0.026	1
83	"Potr"	25	0.019	0.025	1
83	"Potr"	25	0.018	0.026	1
83	"Potr"	25	0.011	0.013	1
83	"Potr"	25	0.019	0.023	1
83	"Potr"	25	0.015	0.022	1
83	"Potr"	25	0.015	0.018	1
83	"Potr"	25	0.019	0.022	1
83	"Potr"	25	0.011	0.013	1
83	"Potr"	25	0.02	0.024	1
83	"Potr"	25	0.011	0.017	1
83	"Potr"	25	0.017	0.024	1
