id x y model.climate.tableName model.site.availableNitrogen model.site.soilDepth model.site.pctSand model.site.pctSilt model.site.pctClay model.settings.permafrost.organicLayerDefaultDepth model.settings.permafrost.moss.biomass
1 0 0 TC_1 45 200 32 49 19 0.0248 0.1922
2 1 0 TC_2 45 120 33 49 18 0.1096 0.8494
3 2 0 TC_3 45 127 33 49 18 0.0392 0.3038
4 3 0 TC_4 45 165 35 46 19 0.1304 1.0106
5 4 0 TC_5 45 164 35 46 19 0.028 0.217
6 5 0 TC_6 45 183 34 46 20 0.1232 0.9548
7 6 0 TC_7 45 122 34 48 18 0.172 1.333
8 7 0 TC_8 45 193 33 48 19 0.0864 0.6696
9 8 0 TC_9 45 174 33 54 13 0.0392 0.3038
10 0 1 TC_10 45 200 34 52 14 0.0624 0.4836
11 1 1 TC_11 45 200 37 50 13 0.044 0.341
12 2 1 TC_12 45 192 36 50 14 0.0136 0.1054
13 3 1 TC_13 45 141 35 49 16 0.0904 0.7006
14 4 1 TC_14 45 123 36 49 15 0.0352 0.2728
15 5 1 TC_15 45 172 38 46 16 0.0344 0.2666
16 6 1 TC_16 45 186 40 46 14 0.0904 0.7006
17 7 1 TC_17 45 163 41 46 13 0.22 1.705
18 8 1 TC_18 45 163 41 46 13 0.0904 0.7006
19 0 2 TC_19 45 157 42 45 13 0.06 0.465
20 1 2 TC_20 45 151 40 46 14 0.1 0.775
21 2 2 TC_23 45 174 41 47 12 0.0336 0.2604
22 3 2 TC_24 45 164 46 43 11 0.0656 0.5084
23 4 2 TC_25 45 169 39 51 10 0.1328 1.0292
24 5 2 TC_26 45 164 39 46 15 0.1304 1.0106
25 6 2 TC_27 45 200 38 50 12 0.1464 1.1346
26 7 2 TC_28 45 187 37 51 12 0.0216 0.1674
27 8 2 TC_29 45 154 35 51 14 0.0128 0.0992
28 0 3 DC_30 45 62 44 43 13 0.0168 0.1302
29 1 3 DC_31 45 58 44 43 13 0.0144 0.1116
30 2 3 DC_32 45 63 38 51 11 0.1296 1.0044
31 3 3 DC_33 45 143 34 54 12 0.1128 0.8742
32 4 3 DC_34 45 108 44 44 12 0.104 0.806
33 5 3 DC_35 45 50 42 45 13 0.1584 1.2276
34 6 3 DC_36 45 75 40 47 13 0.0712 0.5518
35 7 3 DC_37 45 139 44 44 12 0.0096 0.0744
36 8 3 DC_38 45 102 41 47 12 0.1072 0.8308
37 0 4 DC_39 45 138 37 48 15 0.0584 0.4526
38 1 4 DC_40 45 184 35 53 12 0 0
39 2 4 DC_41 45 165 32 56 12 0.06 0.465
40 3 4 DC_42 45 129 32 55 13 0.008 0.062
41 4 4 DC_43 45 151 32 55 13 0.188 1.457
42 5 4 DC_44 45 190 30 57 13 0.0736 0.5704
43 6 4 DC_45 45 200 32 56 12 0.008 0.062
44 7 4 DC_46 45 200 32 56 12 0.0088 0.0682
45 8 4 DC_47 45 200 30 57 13 0.252 1.953
46 0 5 DC_48 45 200 32 56 12 0.008 0.062
47 1 5 DC_49 45 200 32 56 12 0.1032 0.7998
48 2 5 DC_50 45 151 28 56 16 0.2592 2.0088
49 3 5 DC_51 45 166 25 59 16 0.008 0.062
50 4 5 DC_52 45 165 25 59 16 0.0184 0.1426
51 5 5 DC_53 45 200 25 59 16 0.0104 0.0806
52 6 5 DC_54 45 200 37 51 12 0.1208 0.9362
53 7 5 DC_55 45 200 35 53 12 0.016 0.124
54 8 5 DC_56 45 200 35 53 12 0.0176 0.1364
55 0 6 DC_57 45 200 39 48 13 0.1872 1.4508
56 1 6 BF_58 45 187 40 48 12 0.0328 0.2542
57 2 6 BF_59 45 191 40 48 12 0.1264 0.9796
58 3 6 BF_60 45 200 38 49 13 0.0936 0.7254
59 4 6 BF_61 45 188 41 45 14 0.096 0.744
60 5 6 BF_62 45 190 41 45 14 0.0904 0.7006
61 6 6 BF_63 45 185 41 45 14 0.0664 0.5146
62 7 6 BF_64 45 163 40 47 13 0.0512 0.3968
63 8 6 BF_65 45 176 40 47 13 0.0496 0.3844
64 0 7 BF_66 45 181 41 46 13 0.0744 0.5766
65 1 7 BF_67 45 172 39 45 16 0.1024 0.7936
66 2 7 BF_68 45 170 41 45 14 0.088 0.682
67 3 7 BF_69 45 170 40 46 14 0.148 1.147
68 4 7 BF_70 45 155 23 61 16 0.084 0.651
69 5 7 BF_71 45 162 24 60 16 0.056 0.434
70 6 7 BF_72 45 125 24 62 14 0.0496 0.3844
71 7 7 BF_73 45 165 24 62 14 0.0536 0.4154
72 8 7 BF_74 45 181 24 62 14 0.0512 0.3968
73 0 8 BF_75 45 178 28 60 12 0.0776 0.6014
74 1 8 BF_76 45 178 28 60 12 0.0304 0.2356
75 2 8 BF_77 45 200 30 61 9 0.0936 0.7254
76 3 8 BF_78 45 200 36 55 9 0.1136 0.8804
77 4 8 BF_79 45 188 33 57 10 0.0104 0.0806
78 5 8 BF_80 45 200 33 57 10 0.0368 0.2852
79 6 8 BF_81 45 200 33 57 10 0.06 0.465
80 7 8 BF_82 45 159 33 57 10 0.0464 0.3596
81 8 8 BF_83 45 159 33 57 10 0.0272 0.2108
82 0 9 BF_84 45 200 33 57 10 0.1352 1.0478
83 1 9 BF_85 45 200 31 60 9 0.02 0.155
84 2 9 BF_86 45 200 32 58 10 0.0384 0.2976
85 3 9 BF_87 45 200 31 60 9 0.0152 0.1178
86 4 9 BF_88 45 146 39 49 12 0.1472 1.1408
87 5 9 BF_89 45 146 39 49 12 0.216 1.674
88 6 9 BF_90 45 200 37 51 12 0.1736 1.3454
89 7 9 BF_91 45 146 43 43 14 0.092 0.713
90 8 9 BF_92 45 184 41 45 14 0.0584 0.4526
