burn	site	blk	spp	diam06	ht_new_06	diam08	ht_new_08	diam11	ht11	diam13	ht13	diam15	ht15
TC	1	8	BS	2.8	0.6	NA	NA	NA	NA	NA	NA	NA	NA
TC	1	9	BS	NA	NA	NA	NA	NA	NA	NA	NA	NA	NA
TC	1	10	BS	1.4	1.2	NA	NA	1.8	12.6	NA	NA	0.38	24
TC	1	11	BS	1.3	0.8	1.5	1.6	3.8	9.8	0.28	11	0.47	12
TC	1	12	BS	1.4	1.1	2.1	0	1.9	15.5	0.16	17	0.64	44
TC	1	13	BS	1	1.7	2.9	1.5	2.9	11	0.36	17	0.51	19
TC	1	14	BS	1.4	1.2	NA	NA	2.1	8.6	0.16	13	0.42	16
TC	4	8	BS	NA	NA	NA	NA	NA	NA	NA	NA	NA	NA
TC	4	9	BS	NA	NA	NA	NA	NA	NA	NA	NA	NA	NA
TC	4	10	BS	NA	NA	NA	NA	2.5	12.6	0.31	21	0.44	29
TC	4	11	BS	1.4	0.8	2.4	1.1	NA	NA	NA	NA	NA	NA
TC	4	12	BS	1.2	1.9	2.5	1.2	NA	NA	NA	NA	NA	NA
TC	4	13	BS	1.5	0.9	2.6	1	3.6	15.5	0.31	21	0.46	28
TC	4	14	BS	1.2	1.1	NA	NA	9.8	54.2	1.26	80	1.65	91
TC	8	8	BS	1.2	1.4	2.6	0.6	4	22.5	0.44	26	0.70	28
TC	8	9	BS	1.5	1.4	4.3	0.4	8.5	59.2	0.96	73	1.58	84
TC	8	10	BS	NA	NA	NA	NA	NA	NA	NA	NA	NA	NA
TC	8	11	BS	1.4	1.6	3	1	8.1	57.3	1.05	76	1.94	102
TC	8	12	BS	1.4	2.4	3.7	1.1	7.1	45.1	0.72	56	1.22	76
TC	8	13	BS	1.4	0.3	3.5	1.1	NA	NA	NA	NA	NA	NA
TC	8	14	BS	1.1	0.3	3.2	0.5	3	18.2	0.29	26	0.44	28
TC	10	8	BS	1.5	2	2.9	0.5	NA	NA	NA	NA	NA	NA
TC	10	9	BS	2	1.7	3.5	3	NA	NA	NA	NA	NA	NA
TC	10	10	BS	1.5	1.4	NA	NA	NA	NA	NA	NA	NA	NA
TC	10	11	BS	1.6	1.2	2.1	1	2.9	23.5				
TC	10	12	BS	1.6	1.4	3.5	1	4.4	42	0.64	43	0.85	53
TC	10	13	BS	1.3	1.4	2.8	1.5	3.5	38.5	0.43	39	0.57	58
TC	10	14	BS	1.6	1.1	2.9	1.3	2.2	13.2	0.38	19	0.44	20
TC	13	8	BS	2	1.8	4.3	1.3	4.1	32.6	0.69	46		
TC	13	9	BS	1.3	2.8	3.9	1.5	3.4	24.6	0.46	30		
TC	13	10	BS	1.3	1.5	3.9	0	6.6	13.6	0.78	16		
TC	13	11	BS	1.8	2	3.5	4.4	4.1	25.4	0.64	35	0.85	66
TC	13	12	BS	1.2	1.4	3.9	1	3.4	23.2	0.31	28	0.64	38
TC	13	13	BS	1.3	1	2.2	3	3.4	19.6	0.39	24	0.50	40
TC	13	14	BS	1.8	2.5	3.7	2.5	3.7	32.5	0.62	39	0.76	56
TC	14	8	BS	1.2	1.2	2.7	3	3.9	20.7	0.52	30	0.74	45
TC	14	9	BS	NA	NA	NA	NA	NA	NA	NA	NA	NA	NA
TC	14	10	BS	1.3	1.5	3.6	2.5	3.1	16.5	0.35	23	0.53	34
TC	14	11	BS	1.6	0.6	3.1	0.5	10	39.4	1.24	57	2.10	88
TC	14	12	BS	1.6	3.6	2.9	1.3	4.6	31.6	0.64	46	0.93	60
TC	14	13	BS	NA	NA	NA	NA	NA	NA	NA	NA	NA	NA
TC	14	14	BS	NA	NA	NA	NA	NA	NA	NA	NA	NA	NA
TC	19	8	BS	1.9	2	4.1	1.2	7.6	32.5	NA	NA	1.11	43
TC	19	9	BS	NA	NA	NA	NA	NA	NA	NA	NA	NA	NA
TC	19	10	BS	1.3	1	NA	NA	NA	NA	NA	NA	NA	NA
TC	19	11	BS	1.5	1.3	1.8	1	NA	NA	NA	NA	NA	NA
TC	19	12	BS	0.9	0	NA	NA	NA	NA	NA	NA	NA	NA
TC	19	13	BS	1.3	2.2	3.9	2.4	9.8	66.2	NA	NA	1.46	87
TC	19	14	BS	1.6	2.2	3	1.2	8	52.5	NA	NA	1.39	82
TC	23	8	BS	1.2	2.3	4.6	3	11.4	62.8	1.46	81	1.85	113
TC	23	9	BS	2.4	9.5	4.2	8	14.4	84.5	1.76	106	2.55	150
TC	23	10	BS	1.8	3.5	4.6	5	12.1	77.4	1.38	107	2.39	122
TC	23	11	BS	1.4	1.5	2.3	0	4.4	22.5	0.59	35	0.67	40
TC	23	12	BS	3	8.5	5.1	4	16.5	62.5	1.43	92	3.75	119
TC	23	13	BS	NA	NA	NA	NA	NA	NA	NA	NA	NA	NA
TC	23	14	BS	NA	NA	NA	NA	NA	NA	NA	NA	NA	NA
TC	24	8	BS	1.5	0.8	4.8	0.8	7.1	27.6	1.12	50	1.37	69
TC	24	9	BS	1.2	1.1	2.9	2	10	47.5	1.73	69	2.53	121
TC	24	10	BS	NA	NA	NA	NA	NA	NA	NA	NA	NA	NA
TC	24	11	BS	1.3	1.5	1.9	0.7	6.7	37.1	0.81	52	1.05	58
TC	24	12	BS	NA	NA	NA	NA	NA	NA	NA	NA	NA	NA
TC	24	13	BS	1.3	1.3	2.2	1.2	8	46.2	1.09	65	1.66	83
TC	24	14	BS	NA	NA	NA	NA	NA	NA	NA	NA	NA	NA
TC	25	8	BS	NA	NA	NA	NA	NA	NA	NA	NA	NA	NA
TC	25	9	BS	1.3	0.6	1.7	0.5	3	19.6	0.48	31		
TC	25	10	BS	1.3	1.5	1.9	1	5	22.4	0.59	29		
TC	25	11	BS	2	1	0.8	1.6	4.2	22.1	0.48	26	0.72	30
TC	25	12	BS	1.4	0.6	2.3	1.9	3.8	27.3	0.55	45	0.85	69
TC	25	13	BS	1	0	1.3	0	3.1	9.1	0.22	11	0.31	12
TC	25	14	BS	1.9	1	1.4	3	3.1	28.4	0.32	33	0.58	45
TC	26	8	BS	1.4	0.8	2	1.5	3.9	24	0.63	37		
TC	26	9	BS	1.2	1.3	2	3.6	3.7	19.2	0.56	22		
TC	26	10	BS	1.9	0.6	2.6	2.5	6	35.5	0.76	41		
TC	26	11	BS	1	1.1	1.8	2.5	5.2	34.3	0.82	50	1.15	62
TC	26	12	BS	1	1.2	1.6	1.2	3.8	22.6	0.8	39	0.94	44
TC	26	13	BS	1.8	1.2	2.1	3	4	26.2	0.66	42	0.85	56
TC	26	14	BS	0.9	0.7	2.6	2	2.9	15.5	0.36	23	0.47	26
TC	27	8	BS	1	1.5	1.7	4	NA	NA	NA	NA		
TC	27	9	BS	1.3	1.5	2.4	0.7	4.1	22.1	NA	NA	0.77	41
TC	27	10	BS	0.9	1.2	1.7	1.3	2.8	19.2	NA	NA	0.37	34
TC	27	11	BS	NA	NA	2.5	0.2	2.6	13.3	NA	NA	0.69	36
TC	27	12	BS	1.4	1.3	2.4	1.5	2.8	18.2	NA	NA	0.64	34
TC	27	13	BS	1	0.6	2.6	0.8	5	34.6	NA	NA	1.18	78
TC	27	14	BS	1.5	0.8	2.4	1	5.6	23.3	NA	NA	0.80	56
TC	29	8	BS	1.6	1.4	3.3	3.7	8.6	47.6	1.11	59		
TC	29	9	BS	1.6	3.5	2.6	2.8	10.4	72.5	1.3	101		
TC	29	10	BS	1	1.5	2.8	3.5	3.7	27.9	0.6	37		
TC	29	11	BS	2	4.8	2.2	9.1	NA	NA	1.1	67	1.36	79
TC	29	12	BS	2.1	1.6	1.7	0.3	3	17.9	0.5	27	0.54	32
TC	29	13	BS	2.2	10.8	3.3	12.1	10.1	58	1.1	86	1.57	121
TC	29	14	BS	3	9.3	1.6	3.1	9.2	47.9	0.8	53	1.14	69
DC	30	8	BS	3.2	7.8	5.3	3.2	15.8	104.4	2.4	154	3.40	212
DC	30	9	BS	2.3	0	6.6	5.1	8.6	64.8	1.3	73	2.21	145
DC	30	10	BS	2.8	9.4	5.5	8.4	10.4	65.2	1.3	69	2.03	119
DC	30	11	BS	2	8	4.5	8.5	13.7	81.1	1.9	130	3.12	195
DC	30	12	BS	2	5.2	4.5	4.8	14.4	89	2.2	121	2.77	171
DC	30	13	BS	1.9	5.4	3	4.9	10.3	75.6	1.5	95	2.16	142
DC	30	14	BS	1.2	1.6	4.2	1.9	9	62.3	1.3	77	2.25	101
DC	31	8	BS	3.3	15.2	6.2	14	17.1	105.2	3.3	133	3.30	155
DC	31	9	BS	2.7	4.1	5.6	3	12.2	64	1.6	86	2.54	122
DC	31	10	BS	3.9	9	6.8	9.5	12.4	58	1.7	77	1.72	104
DC	31	11	BS	1.5	1.2	3.5	7	17.6	72.4	2.1	111	2.80	160
DC	31	12	BS	3	12.5	7.2	9	13.8	76.1	2.5	103	3.51	160
DC	31	13	BS	2.5	9.4	7	9.5	19	51.5	2	70	2.08	108
DC	31	14	BS	2.7	6.7	6.5	9.5	11.6	55.2	1.2	77	1.95	106
DC	34	8	BS	2	1.2	2.7	4	5.7	24.9	0.7	32	0.92	48
DC	34	9	BS	1.6	1.4	2.5	1	8.8	60.4	1.3	86	1.67	111
DC	34	10	BS	1.1	1.3	2.6	5	5.3	26.9	0.8	35	0.91	47
DC	34	11	BS	0.9	0	3.5	0	4.7	29.5	1.1	35	1.16	51
DC	34	12	BS	1.5	1.9	1.6	1	4.3	34.2	0.7	33	1.05	69
DC	34	13	BS	NA	NA	NA	NA	NA	NA	NA	NA	NA	NA
DC	34	14	BS	1.2	2.5	1.5	3	NA	NA	NA	NA	NA	NA
DC	35	8	BS	1.5	2.1	3.6	1.2	4.2	33.1	0.7	49	1.16	76
DC	35	9	BS	1.3	1.8	4.1	1	6.2	43.5	1	73		
DC	35	10	BS	1.2	1.2	2	1	5.8	23.2			0.98	59
DC	35	11	BS	1.8	4.4	3.9	3.2	11.1	82.6	1.6	120	2.31	135
DC	35	12	BS	1.1	1.6	3.1	4.2	6.3	49.2	1.4	66	1.38	87
DC	35	13	BS	1.5	3	2.9	4.2	6.9	53.1	0.9	75	1.67	97
DC	35	14	BS	2.1	1.8	2.6	3.5	4.4	39.9	0.5	62	0.92	66
DC	37	8	BS	2.4	13.3	2.1	11	4.3	35.1	0.5	38	0.70	50
DC	37	9	BS	1	7.5	1.6	4	2.2	17.1	0.3	16	0.40	30
DC	37	10	BS	1.2	5.9	2.6	5	3.2	29.2	0.4	39	0.69	51
DC	37	11	BS	1.9	7.1	2.7	6.4	4.2	23.6	0.6	30	0.66	43
DC	37	12	BS	1.7	2.7	2.5	4	4.2	24	0.6	38	0.95	55
DC	37	13	BS	1.8	5	3.9	5	5	31.6	0.7	61	1.37	110
DC	37	14	BS	1.4	1.6	2.2	4	4.1	22.9	0.4	37	0.73	56
DC	39	8	BS	1.6	4.2	4.5	2.4	3	26.9	0.4	38	0.75	65
DC	39	9	BS	NA	NA	NA	NA	NA	NA	NA	NA	NA	NA
DC	39	10	BS	1.8	1.6	4	2.5	8.6	44.6	0.6	53	0.91	58
DC	39	11	BS	1.6	1	2.4	1	5.5	27.4	0.4	37	0.80	49
DC	39	12	BS	1.2	2	3.1	0	4.7	21.2	0.5	32	0.75	43
DC	39	13	BS	NA	NA	NA	NA	NA	NA	NA	NA	NA	NA
DC	39	14	BS	1.5	2	2	3	4.4	34.5			0.89	69
DC	40	8	BS	1.4	3.8	2.8	2	3.9	27.8	0.7	43	1.22	65
DC	40	9	BS	1.9	2.6	2.6	2.5	2.9	13.6	0.3	14	0.56	19
DC	40	10	BS	1.6	2.6	3.2	4	2.1	13			0.60	18
DC	40	11	BS	1.7	2.3	3.9	3.1	3.2	19.6	0.4	26	0.57	28
DC	40	12	BS	1.4	1.1	1.8	2.5	2	15.8	0.2	17	0.51	26
DC	40	13	BS	1.4	2	3.1	0.6	3.5	20.8	0.5	21	0.70	25
DC	40	14	BS	1.8	3	2	2.2	2	12.8	0.4	14	0.46	17
DC	42	8	BS	2.2	0	3.2	2.5	4.4	22.5	0.3	30	0.68	40
DC	42	9	BS	1.2	1.8	2.7	1	2.6	16.4	0.3	18	0.44	19
DC	42	10	BS	1.8	4.8	4.2	3	3.8	29.5	0.5	38	0.69	47
DC	42	11	BS	NA	NA	NA	NA	NA	NA	NA	NA	NA	NA
DC	42	12	BS	1.6	2.5	1.9	4.5	3.6	17.8			0.44	22
DC	42	13	BS	1.7	2.7	2.9	4	3.7	20.1	0.7	28	0.70	32
DC	42	14	BS	2.1	4	2.5	4.2	4.9	31.2	0.5	42	0.72	51
DC	44	8	BS	1.7	1.5	3.1	2.5	3.3	25.8	0.9	60	0.78	47
DC	44	9	BS	1.3	1.5	2.1	2.5	5.7	27.5	0.4	30	1.29	83
DC	44	10	BS	1.6	1.5	3.2	0	6.2	29	0.6	33	0.70	37
DC	44	11	BS	1.3	1	NA	NA	NA	NA	NA	NA	NA	NA
DC	44	12	BS	NA	NA	2.3	3.5	5.6	36.5	0.7	53	1.20	73
DC	44	13	BS	1.3	1.4	1.9	1.5	4	21.2	0.6	39		
DC	44	14	BS	1.8	1.3	2.3	2	5.2	11.1	0.6	33	1.12	56
DC	46	8	BS	1.5	1.8	2.3	0	3.6	16.4	0.3	29	0.69	24
DC	46	9	BS	NA	NA	NA	NA	NA	NA	NA	NA	NA	NA
DC	46	10	BS	1.2	1.5	5.4	2.5	14.6	74.7	2	95	2.62	148
DC	46	11	BS	1.7	0	5.4	4	12	46.8	1.1	72	1.68	63
DC	46	12	BS	1.2	2.2	3.5	5.6	7.1	44.8	1.9	65	1.32	78
DC	46	13	BS	1.6	1.8	3.2	5.3	5	42.6	0.9	39	0.91	54
DC	46	14	BS	1.3	3.8	4	3.5	5.4	38.8	0.9	57	0.95	72
DC	49	8	BS	1.6	0	3.2	1	NA	NA	NA	NA		
DC	49	9	BS	1.4	2	2.2	3	3.4	16.6	NA	NA	0.60	42
DC	49	10	BS	1.8	2	0.6	0	1.5	16.1	NA	NA	0.50	47
DC	49	11	BS	1.6	1.2	2.4	3	3.5	11.1	NA	NA	0.80	34
DC	49	12	BS	1.6	2	3	0.5	2.9	21.4	NA	NA	0.71	52
DC	49	13	BS	1.1	1.3	1.5	3.5	4.6	25.8	NA	NA	0.92	59
DC	49	14	BS	2	0	2.5	4	NA	NA	NA	NA		
DC	51	8	BS	2.4	4.5	5.7	3.5	8	41.7	NA	NA	1.05	62
DC	51	9	BS	1	0.9	1.8	1	2.2	9.3	NA	NA	0.25	17
DC	51	10	BS	1.4	0	4	3.3	6.2	29.1	NA	NA	0.88	44
DC	51	11	BS	2.3	5.5	6.9	7	11.5	68.5	NA	NA	2.00	130
DC	51	12	BS	NA	NA	NA	NA	NA	NA	NA	NA		
DC	51	13	BS	2	1	4.8	6.5	9.9	43.1	NA	NA	1.26	72
DC	51	14	BS	1.4	1.1	2.1	0	3.5	21.8	NA	NA	0.72	40
DC	53	8	BS	1.5	2.1	2.4	0.7	2	16.6	NA	NA	0.35	24
DC	53	9	BS	1.8	0	1.9	2.6	2.8	23.1	NA	NA	0.41	37
DC	53	10	BS	1.3	2	1.9	1.1	2.1	24.1	NA	NA	0.43	41
DC	53	11	BS	1.3	3.2	3.9	14.5	9.4	69.8	NA	NA	1.58	155
DC	53	12	BS	1.1	3.3	2.3	2.2	3.7	21.8	NA	NA		
DC	53	13	BS	1.3	9.6	2.9	8.3	3	22.5	NA	NA	1.66	46
DC	53	14	BS	1.2	4.6	3.1	5.7	2.7	15.2	NA	NA	0.48	27
DC	54	8	BS	1.4	2	NA	NA	NA	NA	NA	NA	NA	NA
DC	54	9	BS	1.5	1.7	2.2	1	NA	NA	NA	NA	NA	NA
DC	54	10	BS	1.7	1.2	NA	NA	NA	NA			0.47	18
DC	54	11	BS	1.3	1.1	1.5	1	NA	NA	NA	NA	NA	NA
DC	54	12	BS	1	1.2	NA	NA	NA	NA	NA	NA	NA	NA
DC	54	13	BS	1	1.5	2.2	2	3.6	15.2	0.5	18		
DC	54	14	BS	1.8	1.9	NA	NA	NA	NA			1.37	73
BF	61	8	BS	1.7	3.5	2.7	0.5	5.7	49.9	0.7	57	0.65	41
BF	61	9	BS	1.4	3.6	4.7	7.5	8.4	71	1	79	0.96	61
BF	61	10	BS	1.8	1.5	2.9	1	5.9	39.4	0.8	48	1.41	79
BF	61	11	BS	1.6	0	2.6	0.5	5.3	29.9	0.7	37		
BF	61	12	BS	1.4	1.3	2.5	1.5	2.1	14	0.4	21		
BF	61	13	BS	1.1	2.3	2.9	1.5	3.1	31.5	0.5	36		
BF	61	14	BS	1.3	0.6	2.1	1	5.3	34.3	0.9	40	0.98	59
BF	62	8	BS	1.5	2.1	5.9	4	5.1	29.9	0.7	33	0.92	63
BF	62	9	BS	NA	NA	NA	NA	NA	NA			1.11	65
BF	62	10	BS	1.3	1.9	2.9	1.2	4.3	32.4	0.6	43	1.41	83
BF	62	11	BS	1	1.5	3.7	1.3	3.9	24.9	0.6	31		
BF	62	12	BS	1.3	1.6	3.1	1	4.6	29.1	0.6	43		
BF	62	13	BS	1.6	1.2	3.9	2	5.7	34.6	0.7	42		
BF	62	14	BS	0.8	3.2	3.8	5	6.1	42.3	0.8	46		
BF	63	8	BS	1	1.7	2.2	0	3.4	10.3	0.3	13	0.31	16
BF	63	9	BS	0.9	1.3	2.2	0.7	4	23.2	0.5	31	1.41	80
BF	63	10	BS	1.8	0.7	NA	NA	NA	NA			0.97	73
BF	63	11	BS	1.5	1.4	NA	NA	NA	NA	NA	NA	NA	NA
BF	63	12	BS	2.1	4	3.4	0	2	16.4	0.2	15		
BF	63	13	BS	1.3	2.1	3.7	0	6.5	39.3	1	59		
BF	63	14	BS	1.6	1.6	3.3	2.5	2.9	37.7	0.7	44	2.46	186
BF	76	8	BS	1.9	10	4.2	13	7.8	68.6	1.1	95	1.78	175
BF	76	9	BS	3	11	8.2	11	11.1	92.2	1.3	124	1.68	154
BF	76	10	BS	3	17	6.6	13	11	90.1	1.6	153	1.47	115
BF	76	11	BS	3.7	12.1	9.3	8	16.3	84.3	2.1	110	0.87	48
BF	76	12	BS	2.6	15.5	5.9	9	10.7	104.6	1.2	135	1.75	82
BF	76	13	BS	3	9	4.3	5.5	11.1	104.8	1.5	120	1.17	57
BF	76	14	BS	1.7	0	5.2	2.5	8.3	56.1	1	71		
BF	78	8	BS	0.5	0.5	2.2	1	5.6	32.7	0.6	35		
BF	78	9	BS	1	3	4.6	13.5	8.5	50.9	1.1	55		
BF	78	10	BS	1.6	1.5	4.3	4.3	7.3	49.2	1	55		
BF	78	11	BS	1.6	2.2	4.9	4.8	NA	NA	NA	NA	NA	NA
BF	78	12	BS	1.4	1	2.6	0.9	NA	NA	NA	NA	NA	NA
BF	78	13	BS	1.3	2.1	3.5	2.1	NA	NA	NA	NA	NA	NA
BF	78	14	BS	1.9	1.7	2.2	2	NA	NA			0.99	71
BF	79	8	BS	1.5	2.5	4	2.6	2.4	40.6	0.5	44	0.87	67
BF	79	9	BS	1.7	2.7	2.5	2.1	4	40.8	0.5	47	1.88	137
BF	79	10	BS	2	2.3	4.5	3.5	6.2	58.5	1.1	63	1.62	131
BF	79	11	BS	2.5	7	4.9	4.3	5.6	42.3	0.7	47		
BF	79	12	BS	2.8	5.8	2.3	2.8	5.8	44.9	0.6	43		
BF	79	13	BS	2.4	6.5	4.2	9.7	10	82.4	1.3	97		
BF	79	14	BS	2.5	8	5.5	2.4	10.4	85.6	1.3	100	1.23	101
BF	81	8	BS	1.5	3.5	3.5	6.3	3.1	33.5	0.4	37	0.68	68
BF	81	9	BS	2.7	4.2	2.2	3.5	5.9	45	0.7	56	1.31	109
BF	81	10	BS	2.6	5.9	NA	8.9	9	63	1	80	1.22	85
BF	81	11	BS	1.3	3.8	2.9	3.4	6.6	48	0.9	62	1.24	78
BF	81	12	BS	0.9	1	2	0.8	3.2	30.3	0.5	34	0.55	34
BF	81	13	BS	1.4	2.9	3.5	5.8	9.3	51	0.9	66	0.34	30
BF	81	14	BS	1.8	3.3	3.3	4.1	6.2	55.5	0.9	61		
BF	84	8	BS	1.2	1.3	2.6	1.5	NA	NA	0.4	22		
BF	84	9	BS	1.8	1.2	1.5	0.9	2.6	21	0.3	23	0.90	74
BF	84	10	BS	1.5	1	NA	NA	4.7	14.2	0.3	12	0.92	53
BF	84	11	BS	1.1	1.1	1.2	1.6	NA	NA	NA	NA	NA	NA
BF	84	12	BS	1.3	1	2.5	1.3	NA	NA	NA	NA	NA	NA
BF	84	13	BS	1.7	1.3	2.5	1.4	5.1	48.6	0.6	47		
BF	84	14	BS	1.3	1.3	3.4	1.5	5.2	41.5	0.6	45	1.09	106
BF	86	8	BS	1.5	4.5	2.6	5	5.8	31.2	0.4	41	1.23	106
BF	86	9	BS	1.5	3	2.9	5.5	5.7	52.4	1	59	0.85	68
BF	86	10	BS	1.5	2	3.5	5.5	4.7	30.4			0.94	85
BF	86	11	BS	1.9	5.3	2.6	4.5	6.6	55.2	0.6	77		
BF	86	12	BS	2.5	10	4.5	4.5	6.6	63.9	0.7	70		
BF	86	13	BS	2.5	2.3	4.5	4.5	5.2	37.8	0.4	38		
BF	86	14	BS	2	2.1	5	5	5.2	25.1	0.6	48	0.97	109
BF	87	8	BS	2.1	10.5	4.7	5	7.9	65.5	1.1	85	0.52	43
BF	87	9	BS	1	2.5	4	5.5	5.1	38	0.4	43	1.25	83
BF	87	10	BS	1.2	4.7	2.7	6	6.9	49	0.6	58	1.22	88
BF	87	11	BS	1.7	2.1	2.7	4.5	5.8	68.9	0.6	80		
BF	87	12	BS	2.5	4.4	2.3	7	4.1	30.9	0.3	30	0.78	52
BF	87	13	BS	1.3	5.3	3	6	5.2	46.3	0.6	53		
BF	87	14	BS	2.7	3.4	3.2	2	7.1	46.5	1	56		
BF	91	8	BS	1.4	0.8	3.6	0.3	3.3	18.9	0.6	24		
BF	91	9	BS	1.9	2.5	4.6	3	5.8	31.2	0.7	37	0.36	16
BF	91	10	BS	2.1	1	2.3	0.5	2.4	15.2	0.3	18	0.32	19
BF	91	11	BS	0.9	1.3	2.7	0.4	NA	NA	NA	NA	NA	NA
BF	91	12	BS	1	1	NA	NA	NA	NA	NA	NA	NA	NA
BF	91	13	BS	1.2	1.3	2.4	1	2.1	10.4	0.3	10		
BF	91	14	BS	1.3	0.8	7.8	1	2.2	14.1	0.4	10	1.64	118
BF	92	8	BS	1.2	2.1	4.3	3	3.4	21.5	0.5	25	1.80	92
BF	92	9	BS	1.3	2.2	3.9	3.5	4.6	21.6	0.6	28		
BF	92	10	BS	1	1.2	3.3	1.5	5.5	39.4	0.7	52	2.09	134
BF	92	11	BS	1.3	2	5.5	2.5	6	51.2	1.5	68		
BF	92	12	BS	1.1	2	3.4	4.5	5.5	49.5	1.1	49		
BF	92	13	BS	NA	NA	NA	NA	NA	NA	NA	NA	NA	NA
BF	92	14	BS	2.1	4.2	5.2	14.5	11.6	81	1.4	99		
TC	1	8	LP	0.8	0	NA	NA	NA	NA	NA	NA	NA	NA
TC	1	9	LP	2.5	3	3.7	0.4	3.8	8.5	0.5	18	0.62	23
TC	1	10	LP	NA	NA	NA	NA	NA	NA	NA	NA	NA	NA
TC	1	11	LP	1.7	1	NA	NA	6.6	26.5	1.21	58	2.82	113
TC	1	12	LP	1.7	1.4	NA	NA	NA	NA	NA	NA	NA	NA
TC	1	13	LP	2	2.7	3.2	2.5	3.8	8	0.3	12	0.8	23
TC	1	14	LP	1.7	0.3	NA	NA	NA	NA	NA	NA	NA	NA
TC	4	8	LP	1.8	0	NA	NA	NA	NA	NA	NA	NA	NA
TC	4	9	LP	NA	NA	NA	NA	NA	NA	NA	NA	NA	NA
TC	4	10	LP	1.6	2	3.2	0.5	5.6	34.9	0.78	53	1.11	60
TC	4	11	LP	2	2.1	NA	NA	NA	NA	NA	NA	NA	NA
TC	4	12	LP	1.7	1.2	4.3	2.4	NA	NA	NA	NA	NA	NA
TC	4	13	LP	1.5	1.2	3.4	1	6.4	30.9	0.74	36	0.84	40
TC	4	14	LP	1.4	0	3	2	NA	NA			0.44	15
TC	8	8	LP	2.2	2	2.7	1.5	4.8	25	0.6	39	0.95	50
TC	8	9	LP	1.7	2.4	5.8	2.1	9.8	52.6	1.27	71	2.32	105
TC	8	10	LP	2.6	0	NA	NA	NA	NA	NA	NA	NA	NA
TC	8	11	LP	1.9	2.2	2.4	1.6	NA	NA	0.29	16	0.42	22
TC	8	12	LP	2.2	1.1	NA	NA	NA	NA	NA	NA	NA	NA
TC	8	13	LP	1.7	3.9	2	1.5	2.8	13.6	0.22	14	0.35	19
TC	8	14	LP	2.3	1.7	3.3	1.2	3.4	18.1	0.38	21	0.49	27
TC	10	8	LP	1.8	1.3	NA	NA	NA	NA	NA	NA	NA	NA
TC	10	9	LP	2.8	4.9	3.3	4	6.9	29.2	0.72	29	0.98	41
TC	10	10	LP	1.6	1.1	NA	NA	NA	NA	NA	NA	NA	NA
TC	10	11	LP	2.9	3.6	3.1	4	NA	NA	NA	NA	NA	NA
TC	10	12	LP	NA	NA	2.2	0.9	3.1	24.1	0.44	22	0.58	40
TC	10	13	LP	1.8	3.1	3.9	3.5	6.4	47.4	1.04	75	2.05	111
TC	10	14	LP	1.8	1.9	2.3	1	2	13	0.48	19	0.49	27
TC	13	8	LP	2.3	3.5	4.7	4	7.7	40.5	1.21	64		
TC	13	9	LP	1.9	2.1	3.6	3	3.8	13.1	0.41	21		
TC	13	10	LP	2.2	2.3	4.5	3	7.8	24.7	1.19	49		
TC	13	11	LP	2.5	2.8	6.8	4	6.5	22.6	1.01	34	1.1	49
TC	13	12	LP	1.6	3.1	3.8	4.5	3.9	19.6	0.51	25	0.81	39
TC	13	13	LP	1.5	2.6	1.7	2.2	3.5	18.1	0.35	21	0.44	15
TC	13	14	LP	2.2	3.7	4.3	4	4.6	31.4	0.68	40	0.8	54
TC	14	8	LP	1.8	1.8	5.5	4	7.8	75.5	2.58	112	4.64	161
TC	14	9	LP	1.4	2.3	4.9	2	6.5	41.9	0.78	50	1.08	73
TC	14	10	LP	2	2.6	6.3	4	20.2	84	1.51	131	5.46	184
TC	14	11	LP	1.7	0	3.7	0.5	6.7	37.5	1.06	65	1.88	99
TC	14	12	LP	1.7	2.2	4.4	2.2	15.5	80.5	2.05	88	2.93	147
TC	14	13	LP	NA	NA	NA	NA	NA	NA	NA	NA	NA	NA
TC	14	14	LP	1.8	2.2	5.4	2	9.6	43.5	1.11	62	1.75	94
TC	19	8	LP	2	2.4	5.2	2	18.7	70.2	NA	NA	4.34	176
TC	19	9	LP	NA	NA	NA	NA	NA	NA	NA	NA	NA	NA
TC	19	10	LP	NA	NA	NA	NA	NA	NA	NA	NA	NA	NA
TC	19	11	LP	1.8	1.3	2.7	2	9.2	36	NA	NA	2.32	94
TC	19	12	LP	NA	NA	NA	NA	NA	NA	NA	NA	NA	NA
TC	19	13	LP	1.3	2.2	4.8	3.3	11.9	65.5	NA	NA	2.14	106
TC	19	14	LP	1.8	2	4.8	4.1	10.6	44.5	NA	NA	1.68	92
TC	23	8	LP	1.7	2.6	5.3	2.5	21	101.4	3.45	168	6.29	255
TC	23	9	LP	1.6	3.5	4.9	1.9	19.1	88.6	2.84	140	5.19	227
TC	23	10	LP	2.3	4.1	5.1	8	17.3	91.5	2.61	150	4.27	201
TC	23	11	LP	1.6	2.2	5.1	2.4	11.6	45.4	1.56	70	2.22	82
TC	23	12	LP	2.5	0.5	6.2	2	25.8	107.2	3.35	123	6.29	190
TC	23	13	LP	2.2	4.2	5.6	5	24	93.6	3.31	143	5.03	216
TC	23	14	LP	1.8	33.1	4.2	5	17.9	73.1	2.7	86	4.58	149
TC	24	8	LP	2	2.4	3.6	0.8	15	66.6	2.38	120	3.77	190
TC	24	9	LP	1.3	0	NA	NA	NA	NA	NA	NA	NA	NA
TC	24	10	LP	NA	NA	NA	NA	NA	NA	NA	NA	NA	NA
TC	24	11	LP	NA	NA	NA	NA	NA	NA	NA	NA	NA	NA
TC	24	12	LP	NA	NA	NA	NA	NA	NA	NA	NA	NA	NA
TC	24	13	LP	1.6	1	1.8	1.2	NA	NA	NA	NA	NA	NA
TC	24	14	LP	1.7	2.5	5.3	1.5	20.5	94.1	2.46	133	3.97	191
TC	25	8	LP	1.8	0.3	3	1.8	6.4	32.6	0.8	40		
TC	25	9	LP	1.8	0.8	1.9	0.5	3.9	16.9	0.49	23		
TC	25	10	LP	1.7	2	3.1	0.4	8.4	28.2	1.18	48		
TC	25	11	LP	1.8	1.7	3.5	3.1	7.3	36.6	1	51	1.62	68
TC	25	12	LP	2	0.3	2.7	3.1	4	17	0.49	30	0.78	48
TC	25	13	LP	2.1	1.6	2	2.2	2.4	11.5	0.27	12	0.31	14
TC	25	14	LP	1.6	1.3	2.3	1.9	6.1	26.2	0.79	35	0.9	46
TC	26	8	LP	1.7	2.2	3.3	2.2	12.6	52.5	1.92	88		
TC	26	9	LP	2	2.6	4.4	2	6.4	27.6	0.89	35		
TC	26	10	LP	1.9	1.1	4.8	3	13.2	57.6	1.85	77		
TC	26	11	LP	1.6	0.6	1.7	1.3	4.4	21.5	0.68	31	0.88	42
TC	26	12	LP	2	2.3	2.2	1.7	3.9	13.5	0.66	24	1.08	42
TC	26	13	LP	1.8	2.3	4.1	2	14.2	58	2.11	91	3.86	152
TC	26	14	LP	3.3	1.3	7.8	4.5	14.6	63.1	2	79	2.98	104
TC	27	8	LP	1.8	1.3	2.3	1.1	4.9	17.4	NA	NA	1.23	58
TC	27	9	LP	1.8	0.8	2.3	1.5	5.5	29.6	NA	NA	1.11	56
TC	27	10	LP	2	0.5	2.3	0.5	2.9	9.2	NA	NA	0.51	23
TC	27	11	LP	2.2	0	2.1	0.7	3.3	18.1	NA	NA	0.98	49
TC	27	12	LP	NA	NA	NA	NA	NA	NA	NA	NA		
TC	27	13	LP	1.4	0.2	2.3	0.7	4.6	22.5	NA	NA	0.93	59
TC	27	14	LP	1.3	0.2	NA	NA	3.1	10.2	NA	NA	0.7	35
TC	29	8	LP	3	5.9	7.6	14.8	27.1	108.5	3.4	149.5		
TC	29	9	LP	2.5	4.4	3.8	4.5	14.4	73	1.9	109		
TC	29	10	LP	1.9	3.8	2.9	2.6	5.8	29.9	0.65	50		
TC	29	11	LP	2.2	6.7	2.5	9	8	46.4	NA	NA	NA	NA
TC	29	12	LP	2	1.6	1.7	0.4	7.2	40.2	1	51	1.21	55
TC	29	13	LP	2.5	6.8	4.3	8.2	12	59.1	1.8	108	3.9	203
TC	29	14	LP	2.4	0	3.8	2.1	5.5	35.6	0.95	67	1.98	123
DC	30	8	LP	4.7	9.2	9.1	10.5	32.3	109.6	4.2	154	5.9	206
DC	30	9	LP	3.7	9.3	6.7	6	27.5	87.5	3.5	128	5.1	196
DC	30	10	LP	1.8	2	4.1	3.6	16.4	53.5	1.8	72	3.86	103
DC	30	11	LP	3.3	7.2	11.7	12.5	40.4	122.5	5.2	155	6.06	181
DC	30	12	LP	3.4	11.2	9.8	15.1	26.8	81.9	3.1	101	5.32	122
DC	30	13	LP	2	4.4	4.7	6.9	15.9	65.2	1.9	77	2.69	113
DC	30	14	LP	2.8	3.5	5.7	10.6	NA	NA	NA	NA	NA	NA
DC	31	8	LP	3.6	11	9	10	39.4	90.1	3.4	90	6.29	140
DC	31	9	LP	2.6	3.5	9.5	7	35.4	73.2	3.6	139	6.71	199
DC	31	10	LP	3.2	7.9	7.6	17.5	31.6	100	4.2	141	6.68	198
DC	31	11	LP	2.1	3	8.5	7.6	29.9	95.8	3.7	112	5.38	134
DC	31	12	LP	3.7	7.8	7.8	7	26	93.3	3.5	132	5.6	176
DC	31	13	LP	4.3	12.6	10	18	27.6	92.4	3.5	119	6.19	145
DC	31	14	LP	4	10.2	9.9	10	29.3	95.2	3.9	130	5.7	206
DC	34	8	LP	1.8	3	4.3	2.2	6.6	35.4	1.3	49	1.82	68
DC	34	9	LP	1.7	1.6	1.5	2	4.7	14.6	0.6	27	0.88	42
DC	34	10	LP	1.7	1	2.3	2.5	4.5	18.1	0.7	24	0.71	29
DC	34	11	LP	NA	NA	NA	NA	NA	NA	NA	NA	NA	NA
DC	34	12	LP	1.2	0	1.4	1	2.1	17	0.2	12	0.39	25
DC	34	13	LP	1.7	1.3	2.5	2	9.1	33.6	1.3	44	1.5	57
DC	34	14	LP	1.6	2.3	1.9	4	NA	NA	NA	NA	NA	NA
DC	35	8	LP	2.5	5.1	4.7	0	5.6	33.2	0.8	50	1.11	64
DC	35	9	LP	3	3.8	3.2	3	20.2	78	3.1	120	4.61	164
DC	35	10	LP	2	3.3	4.1	2.4	11.4	50.6	2	81	3.06	117
DC	35	11	LP	2.5	4.1	4.5	4	10.7	55.5	1.7	110	2.83	155
DC	35	12	LP	2.3	4.2	6.1	4	17.1	85.1	2.4	113	2.9	124
DC	35	13	LP	1.9	4.9	3.4	5	12.4	45.2	1.6	70	2.62	112
DC	35	14	LP	1.9	2.2	1.9	4	5.2	45.1	0.6	61	1.42	76
DC	37	8	LP	2.1	6	3.6	2	3.9	26.8	0.5	30	0.66	36
DC	37	9	LP	2.5	6	4.9	6	7.1	47.2	0.8	53		
DC	37	10	LP	2.7	11	5.3	6	7.8	53.4	1	80	1.34	106
DC	37	11	LP	1.6	7.5	3.8	6	3.7	30.2	0.4	32	0.56	39
DC	37	12	LP	1.4	0	NA	NA	NA	NA	NA	NA	NA	NA
DC	37	13	LP	2.9	6.8	3.2	6	4.9	29.1	0.7	33	1.02	71
DC	37	14	LP	2.7	8.9	4.6	7	9.2	53.2	1.4	78	2.2	99
DC	39	8	LP	2.5	5.3	6.3	9.4	22.7	76.3	2.7	94	3.12	126
DC	39	9	LP	1.6	3	4	8.5	13.6	78.6	2.6	119	2.61	82
DC	39	10	LP	2	5.2	6.2	9	23.1	74.6	3	95	4.18	128
DC	39	11	LP	2.1	3.6	2.6	5.5	5.9	37.5	0.7	46	0.9	40
DC	39	12	LP	2	3.9	5.6	4	20.9	69.5	3.5	130	5.22	185
DC	39	13	LP	NA	NA	NA	NA	NA	NA	NA	NA	NA	NA
DC	39	14	LP	2	4.9	6.9	4	27.7	96.2	3.6	105	5.16	158
DC	40	8	LP	3.7	10.4	2.7	8.5	9.9	52.3	1.5	65	2.27	90
DC	40	9	LP	1.7	3	2.1	2	2.8	19.2	0.5	22	0.58	32
DC	40	10	LP	2	5.9	4.1	7	4.2	22.1	0.6	20	0.52	22
DC	40	11	LP	1.7	3.3	4.9	5.3	16	88.8	2.5	122	4	153
DC	40	12	LP	2	9.3	3.3	8.6	9.2	53.6	1.8	69	2.54	69
DC	40	13	LP	2	4.8	2.1	2.5	2.6	15.1	0.3	6	0.36	19
DC	40	14	LP	2.2	6.8	3.5	6.4	16.1	76.2	3	112	5.32	151
DC	42	8	LP	1.8	5.1	4.2	5	25.5	84.1	3.2	130	3.55	148
DC	42	9	LP	2.9	3.9	6.4	4.5	20.4	80.1	2.4	101	3.28	126
DC	42	10	LP	2.5	5	9.5	7	26	89.2	3	86	3.61	113
DC	42	11	LP	3	6.2	3.5	9.5	4.1	27.2	0.9	30	0.9	43
DC	42	12	LP	1.5	3.2	4.8	4.2	15.2	56.1	2.2	87	3.54	122
DC	42	13	LP	2	5.9	3.9	11	22	79.5	3.4	110	4.88	141
DC	42	14	LP	2.2	10.5	5	11	32.4	106.9	3.4	130	5.76	183
DC	44	8	LP	2.1	3.5	4.5	2.8	11.6	61.1	2.5	105	3.67	167
DC	44	9	LP	1.8	2.8	3.8	2.5	3.5	14	0.8	29	1.01	51
DC	44	10	LP	1.8	2.5	4.5	2.2	11.3	51.5	1.6	75	2.39	98
DC	44	11	LP	1.8	1.1	3.1	1.3	NA	NA	NA	NA	NA	NA
DC	44	12	LP	1.4	2.1	1.9	2.2	7.6	35.1	1	74	2.19	117
DC	44	13	LP	1.6	1.8	2.1	2	5.4	24.9	1.1	64	2.75	100
DC	44	14	LP	1.7	2	4.8	1	9	16.8	1.5	69	3.3	116
DC	46	8	LP	1.7	3.9	5.3	2.5	16.2	71.9	2	90		
DC	46	9	LP	2.1	3.2	8.7	8.5	29.2	99.5	4	127	4.78	163
DC	46	10	LP	2.2	3	7.8	2	21.9	84.6	2.6	129	3.6	181
DC	46	11	LP	1.7	2.9	10.3	9	31	96.1	3.8	138	5.12	129
DC	46	12	LP	1.3	2.1	6.2	5	15	81.6	2.7	132	3.5	128
DC	46	13	LP	3.2	5.1	10.5	15	31.9	60.5	4.1	62	4.75	158
DC	46	14	LP	3	4.3	10.2	12.2	35.1	90.1	4	122	5.32	138
DC	49	8	LP	1.8	0	NA	NA	NA	NA	NA	NA		
DC	49	9	LP	2	2.5	3	2.5	4.8	27.2	NA	NA	1.06	74
DC	49	10	LP	1.9	3.6	2.3	0	5.5	17.5	NA	NA	0.94	62
DC	49	11	LP	2.3	0	5.6	2.4	10.7	45.6	NA	NA	2.52	85
DC	49	12	LP	2.1	0	NA	NA	NA	NA	NA	NA	NA	NA
DC	49	13	LP	2.1	3.5	4.7	3	NA	NA	NA	NA	NA	NA
DC	49	14	LP	2.3	3.5	3	0	5.1	18.5	NA	NA	1.67	60
DC	51	8	LP	2.7	8	10.6	7	19.4	83.7	NA	NA	2.32	82
DC	51	9	LP	2.3	2.9	5.7	9	9.5	43.1	NA	NA	1.78	71
DC	51	10	LP	2.2	4.7	9.8	0	20.2	82.6	NA	NA	4.06	185
DC	51	11	LP	2.7	1.5	8.5	3	28.7	84.1	NA	NA	5.29	233
DC	51	12	LP	2.1	3	5.4	1.5	28.1	94.6	NA	NA	5.04	176
DC	51	13	LP	2.5	5.9	7.9	10.2	29.6	104.8	NA	NA	5.45	242
DC	51	14	LP	2	0	5.9	4	17.9	63.2	NA	NA	2.89	81
DC	53	8	LP	NA	NA	NA	NA	NA	NA	NA	NA	NA	NA
DC	53	9	LP	NA	NA	NA	NA	NA	NA	NA	NA	NA	NA
DC	53	10	LP	NA	NA	NA	NA	NA	NA	NA	NA	NA	NA
DC	53	11	LP	1.8	4.5	3.9	7.1	9.6	52.2	NA	NA	1.31	96
DC	53	12	LP	1.5	12	4.4	5.6	19	98.6	NA	NA	3.14	215
DC	53	13	LP	2	8.5	2.9	0	3.7	16.9	NA	NA	0.49	33
DC	53	14	LP	2	1.4	3.2	2.1	7.4	39.6	NA	NA	1.87	113
DC	54	8	LP	1.8	2.1	NA	NA	NA	NA	NA	NA	NA	NA
DC	54	9	LP	2	2.6	4.1	3	8.2	38.1	1.4	60	2.37	80
DC	54	10	LP	1.8	1.1	NA	NA	NA	NA	NA	NA	NA	NA
DC	54	11	LP	1.8	3.4	3.8	3	2.3	13.1				
DC	54	12	LP	2	3.7	NA	NA	NA	NA	NA	NA	NA	NA
DC	54	13	LP	1.9	1.2	4.3	3.5	3.4	25.4				
DC	54	14	LP	1.8	2.1	NA	NA	NA	NA	NA	NA	NA	NA
BF	61	8	LP	3	7.1	8.2	0	9.1	46.5	1.3	55		
BF	61	9	LP	1.6	3.7	3.9	4.5	9	53.6	1.1	58		
BF	61	10	LP	1.7	2.8	4.9	2	11.5	45.4	1.4	56		
BF	61	11	LP	1.9	2.7	4.2	3	7.9	34.5	0.8	43	1.49	76
BF	61	12	LP	1.8	1.9	3.8	0.7	4.4	18	0.7	22	0.98	39
BF	61	13	LP	1.9	3.1	4.8	2	8.7	44.9	1.6	68	2.76	116
BF	61	14	LP	1.7	1.5	3.3	1.5	2.9	16.2	0.6	28	0.85	61
BF	62	8	LP	2.2	2.8	6.3	6.5	15.5	71.6	1.8	93		
BF	62	9	LP	1.6	0.8	4.5	2	8.4	32.5	1.2	48		
BF	62	10	LP	1.6	1.6	3.2	1	8.7	55.6	1.3	79		
BF	62	11	LP	2.1	3.5	4.9	4	13.4	70.7	2.2	109	3.97	183
BF	62	12	LP	1.5	2	4.9	3.5	11.7	69.2	2	88	3.75	160
BF	62	13	LP	1.5	1.3	3.4	1	6.8	29.2	0.95	45	1.51	73
BF	62	14	LP	2.3	4.3	5.4	8	12.6	68.9	1.6	81	1.9	122
BF	63	8	LP	1.2	2	3.8	1.5	7.1	29.3	1.4	33		
BF	63	9	LP	1.4	3.7	3.6	1.3	6.5	43.1	1.1	61		
BF	63	10	LP	2.8	4	10.3	10.5	20.5	104.6	2.8	137		
BF	63	11	LP	1.7	1.6	3.4	2	3	14.2	0.5	22	0.82	42
BF	63	12	LP	2.2	4.6	2.7	4	7	49.1	1.1	58	1.5	96
BF	63	13	LP	1.8	1.8	4.9	2.5	9.1	45.1	1.4	64	2.49	148
BF	63	14	LP	1	1.4	2.4	1.2	3.8	21.2	1.6	31	0.92	61
BF	76	8	LP	3	15.3	12.2	20.5	43.1	220.2	5.7	320		
BF	76	9	LP	5.2	15.2	13.8	16.5	41.3	204	5.4	330		
BF	76	10	LP	4.2	12.5	15.7	15.5	36.5	153.3	4.6	209		
BF	76	11	LP	4.1	10.9	16.9	16.5	42.8	216	5.3	330	7.58	481
BF	76	12	LP	4	11.5	11.3	22	41.2	173.5	4.8	197	4.06	303
BF	76	13	LP	3.5	10.2	13.8	13	38.7	232.3	5	320	6.78	481
BF	76	14	LP	2.2	5.6	11.4	12	44.5	152.5	6	201	9.85	336
BF	78	8	LP	1.9	2.1	4.8	3	12.9	66	1.9	81	2.06	99
BF	78	9	LP	2	3.6	5.5	13.6	12.8	77.3	1.7	86	2.19	122
BF	78	10	LP	1.4	0	NA	NA	NA	NA	NA	NA	NA	NA
BF	78	11	LP	2.5	3.5	6.4	8.4	9.5	56.5	1.5	86	2.38	102
BF	78	12	LP	2.3	2.9	4.2	6.2	NA	NA	NA	NA	NA	NA
BF	78	13	LP	2.3	3.1	NA	NA	NA	NA	NA	NA	NA	NA
BF	78	14	LP	2.2	1.9	3	2.4	NA	NA	NA	NA	NA	NA
BF	79	8	LP	2.1	2	10	9.5	27.6	143.2	4.2	200		
BF	79	9	LP	2.1	2.2	10	8.4	34.9	171.9	4.8	254		
BF	79	10	LP	3.2	5.3	14	20	47	202	6.4	270		
BF	79	11	LP	3.9	5.5	6.5	4.3	17.6	91.6	2.2	123	2.93	176
BF	79	12	LP	3.4	7.1	11	9.5	36.1	176.4	5.1	240	7.19	361
BF	79	13	LP	3.5	6	6.5	13.5	33.5	212.5	4.5	290	7.78	425
BF	79	14	LP	3.8	7.1	10.2	15	33.9	175.3	5.2	245	10.18	396
BF	81	8	LP	2.9	3.5	8.3	11.8	28.2	170.1	4.3	220		
BF	81	9	LP	2.7	3.8	5.1	5.5	16.3	88.2	2.7	134		
BF	81	10	LP	2.7	4.1	8.3	9.8	31.6	157.6	3.8	227		
BF	81	11	LP	3.1	8.5	9.6	13	30.9	167	4.6	250	7.62	409
BF	81	12	LP	3.4	1.5	4.9	11.4	11.2	57	1.9	103	2.91	205
BF	81	13	LP	2	4	5.9	7.1	20	124	3.4	168	5.88	269
BF	81	14	LP	3	9.6	9.7	12.3	29.1	164	4.1	200	5.79	194
BF	84	8	LP	2.1	2.4	4.9	4.5	12.2	67	1.6	107	0.42	24
BF	84	9	LP	1.3	2.1	1.7	2	NA	NA	NA	NA	NA	NA
BF	84	10	LP	1.5	2.5	2.1	2.3	1.6	22.4	0.4	27		
BF	84	11	LP	2	3.1	3.5	4.2	4.3	35.4	0.4	40	missed	52
BF	84	12	LP	2	2.6	3.8	1.2	NA	NA	NA	NA	NA	NA
BF	84	13	LP	1.7	1	1.9	0	NA	NA			0.44	18
BF	84	14	LP	1.5	2	3.8	5.1	3.6	51.4	1	54	1.17	74
BF	86	8	LP	2	6	8.5	18	34.9	193.7	4.5	256		
BF	86	9	LP	2.9	3.5	7.2	12.5	31.1	174	4.7	270		
BF	86	10	LP	3.3	10	9.6	5	26.4	130.4	4.1	182		
BF	86	11	LP	2.5	7.6	10.1	12	28.4	171.4	3.5	220	6.48	321
BF	86	12	LP	3.5	9.4	16	16	39.9	222	4.8	200	6.13	376
BF	86	13	LP	2.1	4	11.5	11.5	15.6	130.5	2.1	187	3.17	287
BF	86	14	LP	2.1	5.2	13	13	19.4	133.6	2.1	140	2.45	185
BF	87	8	LP	3.2	10	7.7	3	17.1	109.5	1.9	112		
BF	87	9	LP	2.5	9.6	6.9	14	26.7	183.8	2.7	240		
BF	87	10	LP	3.3	14.5	5.3	6.5	8.3	78.7	1.6	100		
BF	87	11	LP	2.1	9.6	7.5	10	19.9	178.8	2.2	175	2.3	188
BF	87	12	LP	4.3	14	9	15	30.5	189.4	3.3	280	4.9	357
BF	87	13	LP	2.4	8.5	8.2	15.5	33.1	188.4	3.8	256	6.3	353
BF	87	14	LP	1.7	6.2	7.8	13.5	35.6	190.5	5.1	270	7.28	431
BF	91	8	LP	1.8	0.3	4.3	0.5	7.5	35.6	1.3	44		
BF	91	9	LP	1.7	2.6	4.1	6	9.4	46.6	1.3	67	2.34	103
BF	91	10	LP	1.9	2.1	3.7	2.5	4	27.6	0.6	37		
BF	91	11	LP	NA	NA	NA	NA	NA	NA	NA	NA	NA	NA
BF	91	12	LP	1.7	2.2	3.9	2.5	3.2	15.3	0.4	20	0.76	38
BF	91	13	LP	1.3	2.9	3.8	2.5	2.1	16	0.3	21	0.49	38
BF	91	14	LP	1.6	3.1	3.9	4	7.5	39.1	0.9	49	1.45	75
BF	92	8	LP	2	3.2	4.9	4.5	5.9	31.3	0.8	40		
BF	92	9	LP	2.2	5.5	1.3	8.5	9	50	1.3	63		
BF	92	10	LP	1.6	3	5.5	6.5	16.6	85.6	2.4	122		
BF	92	11	LP	2.8	4.5	6.1	2	19.4	80.9	2.8	126	5.16	223
BF	92	12	LP	2.1	5.3	5.1	6	8.9	48.6	1.1	65	2.19	119
BF	92	13	LP	2.2	5	7.7	2	18.3	91.4	2.7	121	5.26	189
BF	92	14	LP	3.2	7.2	8.8	22	21.2	141.1	3.1	174	4.3	214
BF	61	8	PB	2.6	1.1	4.7	0.2	7.2	76.2			NA	NA
BF	61	9	PB	4	0.2	6.5	2	8.7	54.1			NA	NA
BF	61	10	PB	2.7	4.9	5.9	2	5.2	36.6	0.6	50	NA	NA
BF	62	8	PB	2.6	8.8	4.5	11.5	5.4	40.6	0.5	38	NA	NA
BF	62	9	PB	2.4	0.2	4.9	1.5	9.9	28.3			NA	NA
BF	62	10	PB	2.4	1.7	NA	NA	NA	NA			NA	NA
BF	63	8	PB	3.5	6.8	4.9	6	11.6	62.2	1.6	87	NA	NA
BF	63	9	PB	3.7	0.5	2.2	5	8.2	42.6	1.1	65	NA	NA
BF	63	10	PB	3	5.4	5.8	6	7.9	73.1	0.9	89	NA	NA
BF	76	8	PB	5.9	18.3	14.8	27	46.7	301	6	380	NA	NA
BF	76	9	PB	5	17.7	9.1	26.2	43.4	269	5.7	354	NA	NA
BF	76	10	PB	5.9	13	10.7	12.5	30.6	207	3.9	340	NA	NA
BF	78	8	PB	2.9	0.4	5.9	3	3.1	29.2			NA	NA
BF	78	9	PB	2.8	0.4	4	4.7	15.2	95.6	2.3	104	NA	NA
BF	78	10	PB	3.8	1.5	1.5	0.9	NA	NA			NA	NA
BF	79	8	PB	3.3	2.4	5.5	4.3	9.4	82.1	1	105	NA	NA
BF	79	9	PB	3.3	2.8	2.8	2.7	7.3	141.1	1.7	194	NA	NA
BF	79	10	PB	3.1	2.2	3.2	4.3	6	72	0.7	90	NA	NA
BF	81	8	PB	4.7	2.4	3.4	2.6	4.7	39.2	0.6	58	NA	NA
BF	81	9	PB	4.5	5.5	6.1	7.2	8.7	63	0.8	84	NA	NA
BF	81	10	PB	3.9	0.6	7.2	6.6	7.2	71.6	0.8	91	NA	NA
BF	84	8	PB	2.1	0.3	4.9	1.2	5.2	53			NA	NA
BF	84	9	PB	1.2	5	1.8	6	4.1	18.1			NA	NA
BF	84	10	PB	3.2	1.9	3.5	1.9	5	49.4			NA	NA
BF	86	8	PB	3.6	1.1	4.7	1	6.2	94.4	1	129	NA	NA
BF	86	9	PB	4.2	0.8	4	1.5	6.1	59.1	0.6	70	NA	NA
BF	86	10	PB	3.6	9.2	6.8	5	11.9	96.6	1.4	120	NA	NA
BF	87	8	PB	4.6	6.2	7.3	6	11.2	86.6	1.7	130	NA	NA
BF	87	9	PB	3	3.7	3.7	5	22.3	225	2.8	280	NA	NA
BF	87	10	PB	3.7	2.5	4.5	3.5	11	144.2	1.2	121	NA	NA
TC	1	8	TA	2.5	1.1	3.1	0	4	21.1	0.55	34	0.63	42
TC	1	9	TA	3.4	1.3	4.8	1	5.7	25.1	0.64	31	0.8	38
TC	1	10	TA	3.1	1.1	NA	NA	3.1	12.2	0.31	24	0.48	25
TC	4	8	TA	3.1	0.8	4.7	0.6	8.3	69.7	0.86	90	1.13	98
TC	4	9	TA	NA	NA	NA	NA	NA	NA	NA	NA	NA	NA
TC	4	10	TA	3.1	1.4	4.4	0.2	NA	NA	NA	NA	NA	NA
TC	8	8	TA	4	2.4	3.5	1.6	4.6	37.1	0.49	38	0.57	40
TC	8	9	TA	4.4	2.3	5.2	1.8	9	14.5	0.29	16		
TC	8	10	TA	4	1.5	3.2	1	5.6	61.1	0.64	65	0.84	62
TC	10	8	TA	3.2	0.5	NA	NA	NA	NA	NA	NA	NA	NA
TC	10	9	TA	4.5	3.7	7.7	3.5	8.2	56	0.85	69	1.09	74
TC	10	10	TA	3.5	6.5	2.8	0	NA	NA	NA	NA	NA	NA
TC	13	8	TA	3.1	1.8	NA	NA	NA	NA	NA	NA	NA	NA
TC	13	9	TA	3.2	2.7	NA	NA	NA	NA	NA	NA	NA	NA
TC	13	10	TA	3	0.4	NA	NA	NA	NA	NA	NA	NA	NA
TC	14	8	TA	2.3	2.9	NA	NA	NA	NA	NA	NA	NA	NA
TC	14	9	TA	4.7	15.3	7.5	9	NA	NA	1.38	143	2.04	206
TC	14	10	TA	2.1	1.3	3.3	0	NA	NA	NA	NA	NA	NA
TC	19	8	TA	2.7	0.6	3	0.6	6.6	84.6			1.14	132
TC	19	9	TA	3.5	1.7	3.9	1.5	7.4	56.1			1.4	103
TC	19	10	TA	NA	NA	NA	NA	NA	NA	NA	NA	NA	NA
TC	23	8	TA	2.6	0.8	1.3	0	6.6	47.1	0.7	62	0.89	82
TC	23	9	TA	3.3	1.5	4	1.4	9.6	71	1.09	121	1.74	132
TC	23	10	TA	3.5	1.2	4.9	4	11.5	117.4	1.63	165	2.25	193
TC	24	8	TA	3.5	0.8	4.8	0	8.2	63.5	0.71	51	1.04	80
TC	24	9	TA	2.7	1.8	NA	NA	NA	NA	NA	NA	NA	NA
TC	24	10	TA	2.7	1	2	0	4.8	27.3			1.28	73
TC	25	8	TA	3.2	0.7	3.5	0.6	4	37.5	0.4	29		
TC	25	9	TA	3.2	2.5	3	3.2	4.7	38.5	0.56	47		
TC	25	10	TA	3.1	1.2	3.9	0.5	6.9	40.6	0.69	40		
TC	26	8	TA	2.4	1.6	2.5	1.3	2.8	32.5				
TC	26	9	TA	1.7	1.2	2.2	1	3.2	16.1	0.31	19		
TC	26	10	TA	3.3	4	4.8	3.2	6.4	37.5	0.79	68		
TC	27	8	TA	3.9	1.8	3.2	1.5	6.1	30.1			0.99	65
TC	27	9	TA	2.7	1.3	3.1	0.4	4.5	46.4			0.66	65
TC	27	10	TA	2.2	2.4	2.1	5.4	6	15.6			0.43	20
TC	29	8	TA	4.2	11.7	5.2	12.8	8.7	77.5	0.9	70		
TC	29	9	TA	4.8	6.5	7.2	20.5	16	102.5	1.8	125		
TC	29	10	TA	3.4	1.8	4.1	6	8.3	58.1	1	66		
DC	30	8	TA	6.2	12.5	10.3	13.7	20.6	145.3	2.5	240	3.82	295
DC	30	9	TA	4.9	0.3	7.5	0	12.1	88.6	1.3	125	1.9	164
DC	30	10	TA	5.8	13.5	7.5	16.6	22	202	3	270	5.17	406
DC	31	8	TA	4.6	21	8.6	25	23.6	186.3	2.6	270	3.75	306
DC	31	9	TA	4.9	3	7.6	12	15.8	145.8	2.1	215	2.78	253
DC	31	10	TA	5	18	10	29	22	193.1	2.8	240	3.51	272
DC	34	8	TA	3.4	0.8	3.6	2	NA	NA	NA	NA	NA	NA
DC	34	9	TA	4	5	4.9	0	6.5	34.1	1	50		
DC	34	10	TA	4.7	13.3	5.2	12.2	NA	NA	NA	NA	NA	NA
DC	35	8	TA	3.8	3.2	4.2	0	6.1	52.4			1.01	83
DC	35	9	TA	2.4	5.4	2.9	4.6	4.3	28	0.9	52	0.9	56
DC	35	10	TA	4	2.8	3	0.5	9.2	75.6	1.5	110	2.09	135
DC	37	8	TA	3.8	23.8	1.5	17	9.7	102.1	1.1	96	1.28	112
DC	37	9	TA	1.8	3.7	2.3	4	3.1	16.4	0.8	110	0.55	27
DC	37	10	TA	2.3	18.8	5.8	7	6.2	65.8	0.8	119	1.08	145
DC	39	8	TA	3	1.3	5	0.5	10.3	99.1	1	81		
DC	39	9	TA	3.6	1.2	3	1.6	12.7	122.2	1.6	127	2.44	244
DC	39	10	TA	3.2	1.2	4.3	1	5	33.1	0.7	45	0.76	49
DC	40	8	TA	3.1	0.8	4.7	3.5	11	98.2	1.5	115	2.51	221
DC	40	9	TA	3.6	3.4	4.7	10	6.9	51.9	0.9	55	0.92	59
DC	40	10	TA	4	1.1	4.7	1.5	5.1	52.3	0.7	51	0.66	58
DC	42	8	TA	4.7	2.7	4.9	2	9.5	91.4	1.4	90	1.71	192
DC	42	9	TA	4.8	1.5	6.9	12	15.1	155.5	1.7	170	2.15	187
DC	42	10	TA	4.1	12.2	4.5	12	9	71.6	0.4	62	0.61	52
DC	44	8	TA	2.7	1.2	2.9	0.9	5.6	52.1	0.8	74	1.13	98
DC	44	9	TA	3.4	1.2	4.5	1	NA	NA	NA	NA	NA	NA
DC	44	10	TA	2.4	2.8	4.1	0	NA	NA	NA	NA	NA	NA
DC	46	8	TA	2.7	6	5.3	0	13.5	120.2	1.6	172	2.44	248
DC	46	9	TA	3.1	5	9.7	28.2	25.2	219.8	3.6	295	5.14	355
DC	46	10	TA	3.5	2.2	5.9	5	17.6	146.6	1.8	195	3.29	213
DC	49	8	TA	2.4	8.5	NA	NA	NA	NA	NA	NA		
DC	49	9	TA	4.5	4.9	4	3.5	7.8	68.1	NA	NA	1.12	107
DC	49	10	TA	2.1	11.8	2.3	0	7.2	43.1	NA	NA	0.96	67
DC	51	8	TA	3.5	5	5.9	27	8	62.1	NA	NA	0.97	86
DC	51	9	TA	3.6	0.8	4.9	1.2	5.4	56.5	NA	NA	0.7	56
DC	51	10	TA	4.2	4.1	6.9	16	8.6	71.6	NA	NA	0.83	89
DC	53	8	TA	2.5	1.1	6.1	24.8	11.1	87.6	NA	NA	1.69	184
DC	53	9	TA	3	10	5.1	16.7	16.6	121.5	NA	NA	2.04	123
DC	53	10	TA	2.5	2.9	4.6	9	8.9	70.2	NA	NA	0.81	112
DC	54	8	TA	1.5	9.7	NA	NA	NA	NA	NA	NA	NA	NA
DC	54	9	TA	4.7	3.2	4.7	2	NA	NA	NA	NA	NA	NA
DC	54	10	TA	3.4	4	NA	NA	NA	NA	NA	NA	NA	NA
BF	61	8	TA	3.3	1.1	4.1	0.7	5.6	62.1	0.6	65	NA	NA
BF	61	9	TA	3.3	1.2	NA	NA	NA	NA	NA	NA	NA	NA
BF	61	10	TA	3.8	2.2	5.7	1	NA	NA	NA	NA	NA	NA
BF	62	8	TA	2.1	5	4.2	3	5	45.1			NA	NA
BF	62	9	TA	2.5	0.8	4.7	0.7	9.6	74.6	1.2	100	NA	NA
BF	62	10	TA	3.8	0.7	NA	NA	4.9	33.5	0.6	48	NA	NA
BF	63	8	TA	2.5	4.2	3.3	1.5	5.7	38.6	0.6	50	NA	NA
BF	63	9	TA	2.6	4.1	3.3	1	6.2	33.5	0.7	56	NA	NA
BF	63	10	TA	3.6	6	6.2	3.6	8	35.4	0.8	42	NA	NA
BF	76	8	TA	3.3	19.4	6.1	13.5	8.6	93.4	1.2	130	NA	NA
BF	76	9	TA	7.9	32.7	12.9	39	25.5	214	3	330	NA	NA
BF	76	10	TA	5.4	28	7.6	25	10	69.2	1.1	146	NA	NA
BF	78	8	TA	3.5	3.1	4.6	2.4	NA	NA	NA	NA	NA	NA
BF	78	9	TA	2.7	1.7	4.3	1.3	NA	NA	NA	NA	NA	NA
BF	78	10	TA	3.3	2	4.8	2.3	4.9	46.2	0.5	42	NA	NA
BF	79	8	TA	3.6	1.3	4.3	0.9	5	49.9	0.6	45	NA	NA
BF	79	9	TA	2.9	5.6	3.2	1.1	NA	NA	NA	NA	NA	NA
BF	79	10	TA	3	2.5	3.2	1.1	4.1	50.9	0.5	50	NA	NA
BF	81	8	TA	3.1	3	3.8	4.1	NA	NA	0.69	65	NA	NA
BF	81	9	TA	4.5	17.9	6.9	8.9	9.4	108	0.9	132	NA	NA
BF	81	10	TA	3.5	4	5.7	3	6.8	63.2	0.7	100	NA	NA
BF	84	8	TA	2.6	1	3.3	0	NA	NA	NA	NA	NA	NA
BF	84	9	TA	3.2	0.7	4.6	0.2	NA	NA	NA	NA	NA	NA
BF	84	10	TA	3.6	1	4.7	1	NA	NA	NA	NA	NA	NA
BF	86	8	TA	3.6	1.2	4.2	1	3.7	59.6			NA	NA
BF	86	9	TA	3	1.9	4.3	2.5	6.1	71.1	0.7	84	NA	NA
BF	86	10	TA	NA	NA	0.8	2	NA	NA			NA	NA
BF	87	8	TA	4.5	8.3	5.7	11	7.2	71.2	0.7	56	NA	NA
BF	87	9	TA	2.8	1.6	3.5	3.5	6.2	63.1			NA	NA
BF	87	10	TA	4	4.8	4	3	6.3	70	0.6	84	NA	NA
TC	1	8	WS	1.4	1.2	2.7	0.2	3.1	12	0.36	16	0.55	20
TC	1	9	WS	1.9	1.5	3.4	1.7	3.6	11.8	0.55	13	0.47	15
TC	1	10	WS	1.4	1.5	2.7	0.6	2.7	10.5			0.68	27
TC	1	11	WS	1.5	2.5	2.9	2.3	5	30.1	0.69	53	1.02	72
TC	1	12	WS	1.3	2.6	2.4	1.6	3	12.2	0.29	16	0.49	21
TC	1	13	WS	1.5	1.5	2.3	2.1	6.9	25.5	0.65	34	1.06	48
TC	1	14	WS	1.7	1.2	3.9	1.3	3.6	16.6	0.69	33	0.75	43
TC	4	8	WS	1.7	0.8	3.2	1.2	9.2	66.5	1.34	98	2	121
TC	4	9	WS	NA	NA	NA	NA	NA	NA	NA	NA	NA	NA
TC	4	10	WS	1.6	1.2	4.5	3	10.6	63.5	1.34	82	1.85	89
TC	4	11	WS	1.6	1.1	2.6	2	NA	NA	NA	NA	NA	NA
TC	4	12	WS	1.7	1.1	3.6	1	NA	NA	NA	NA	NA	NA
TC	4	13	WS	1.4	0	2.1	0	4.8	23.3	0.56	30	0.66	32
TC	4	14	WS	1.7	2.8	3.6	2.2	NA	NA	NA	NA	NA	NA
TC	8	8	WS	1.8	1.6	3	1.6	4.7	13.5	0.48	21	0.69	28
TC	8	9	WS	1.5	1.8	2.9	1.8	7.9	35.5	0.82	51	1	54
TC	8	10	WS	1.6	2.6	1.6	1.8	4.2	39.6	0.56	51	0.98	66
TC	8	11	WS	1.7	0	2.1	1.5	4.8	27.4	0.45	36	0.88	49
TC	8	12	WS	1.8	2.6	3.8	1	9.2	52.3	0.89	79	1.58	83
TC	8	13	WS	1.7	3.8	2.7	1.6	4	30.5	0.48	42	0.61	48
TC	8	14	WS	1.7	2.6	3.5	1.8	4	24	0.42	31	0.7	36
TC	10	8	WS	1.7	1.6	NA	NA	NA	NA	NA	NA	NA	NA
TC	10	9	WS	1.8	4.7	4.9	8	NA	NA	NA	NA	NA	NA
TC	10	10	WS	1.6	1.8	NA	NA	NA	NA	NA	NA	NA	NA
TC	10	11	WS	1.8	1.7	2.2	1	NA	NA	NA	NA	NA	NA
TC	10	12	WS	1.5	2.2	2.9	2	5	21.6	0.94	41	0.97	49
TC	10	13	WS	NA	NA	NA	NA	NA	NA	NA	NA	NA	NA
TC	10	14	WS	NA	NA	3.1	1	4	24	0.65	30	0.71	33
TC	13	8	WS	1.6	2.7	4.2	2	7.2	36.2	0.76	51		
TC	13	9	WS	1.3	0.7	3	2	4.2	14.5	0.41	28		
TC	13	10	WS	1.2	1.5	2.3	0.5	2.8	18.2	0.46	24		
TC	13	11	WS	1.8	1.6	4	3	8.6	20.1	0.61	23	0.64	28
TC	13	12	WS	1.6	0.6	3.9	2	3.5	27.5	0.35	30	0.51	11
TC	13	13	WS	1.7	0.8	3.2	2	6.6	34	0.58	32	0.74	39
TC	13	14	WS	1.8	1.8	2.7	4.5	3.9	23.5	0.38	22	0.51	31
TC	14	8	WS	2	1.5	4	2	6	27.6	0.81	43	0.95	51
TC	14	9	WS	2.3	2.9	4.7	2.5	7.5	56.6	0.86	72.5	1.25	95
TC	14	10	WS	1.3	0.9	2	2.2	5.6	20.8	0.43	26	0.64	34
TC	14	11	WS	1.8	1.3	3.4	1.7	6.5	37.6	0.91	61	1.35	88
TC	14	12	WS	2.1	1.7	3.1	0.5	7.5	41.3	1	54	1.49	76
TC	14	13	WS	NA	NA	3.2	0	7.5	23.6	0.89	38	1.5	55
TC	14	14	WS	1.4	0	2.9	1.4	3.3	8.1	0.21	8	0.39	9
TC	19	8	WS	1.5	0.7	2.1	0.5	6.8	28			1	48
TC	19	9	WS	1.5	1.7	2.1	1.5	7.4	42.6			1.52	101
TC	19	10	WS	1.4	0	1.9	NA	5	14.5			1.01	36
TC	19	11	WS	1.2	1.4	2.6	1.5	8.1	31.1			1.05	51
TC	19	12	WS	1.3	2	1.7	3.5	6.2	12			0.58	14
TC	19	13	WS	1.3	1	3.1	3.8	7.5	44.5			1.28	55
TC	19	14	WS	1.5	2.3	3.8	4.5	6.4	30.1			1.19	48
TC	23	8	WS	1.5	2	4.4	4	12	54.8	NA	NA	1.69	73
TC	23	9	WS	2.3	1.8	2.1	2	3.5	9.5	NA	NA	0.74	22
TC	23	10	WS	2.2	8	3.7	6.5	13.6	64.1	NA	NA	3.2	117
TC	23	11	WS	1.7	1.2	2.5	1	4	18	NA	NA	0.64	23
TC	23	12	WS	1.4	1.6	4.1	3.5	3.3	45.6	NA	NA	1.39	71
TC	23	13	WS	1.3	3.1	2.7	3	10.7	69.6	NA	NA	1.74	108
TC	23	14	WS	NA	NA	NA	NA	NA	NA	NA	NA		
TC	24	8	WS	NA	NA	NA	NA	NA	NA	NA	NA	NA	NA
TC	24	9	WS	NA	NA	NA	NA	NA	NA	NA	NA	NA	NA
TC	24	10	WS	1.7	0	2.7	1	7.3	27	1.19	50	1.91	77
TC	24	11	WS	1.3	2	3.8	3.2	10.8	65.2	1.5	90	2.28	92
TC	24	12	WS	1.8	1.1	3.6	0.3	1.8	8	0.24	11	0.37	13
TC	24	13	WS	2.3	0	1.6	0	3.8	21.6	0.42	30	0.73	35
TC	24	14	WS	1.8	1.9	3.9	1.2	6.5	45	0.75	61	1.19	76
TC	25	8	WS	1.4	0.5	2.1	0	3	10.5	0.35	16		
TC	25	9	WS	1.4	0	3.5	1	3.8	22.8	0.91	33		
TC	25	10	WS	1	0.5	2.5	0.3	3.8	19.6				
TC	25	11	WS	1.6	0	1.9	2.2	3.4	15.7	0.3	18	0.53	22
TC	25	12	WS	1.6	0	2.5	1.6	1.4	14.1	0.25	20	0.54	34
TC	25	13	WS	1.2	1.1	1.5	1.8	1.9	11.1	0.18	9	0.28	10
TC	25	14	WS	1.7	0.5	2.6	1.5	6.8	34.6	0.79	60	1.11	73
TC	26	8	WS	1.6	1	3.5	2	9.4	40.2	1.66	62		
TC	26	9	WS	1.5	1.5	2.3	1.1	3.6	14.5	0.48	15		
TC	26	10	WS	1.1	1.6	1.8	1.5	6.4	42.2	0.82	64		
TC	26	11	WS	1.2	1.2	1.6	3.5	4.5	21	0.64	25	0.67	27
TC	26	12	WS	1.4	0.9	1.6	0.5	3.1	13.1	0.46	22	0.56	25
TC	26	13	WS	1.8	1.5	4.1	2.1	8.2	50	1.23	81	1.83	98
TC	26	14	WS	2	1.7	3.5	2.5	5.9	30.5	0.73	39	0.81	39
TC	27	8	WS	1.3	1.2	1.5	0.8	3.4	16.1			0.95	46
TC	27	9	WS	1.8	1.2	2	0.8	2.9	15			0.76	41
TC	27	10	WS	1.5	1.2	2.1	0.7	6.7	26.6			1.2	70
TC	27	11	WS	1.6	0.8	2.8	0.6	5.4	31.6			1.34	73
TC	27	12	WS	1.8	1.3	2.4	1.2	2.2	11.6			0.31	18
TC	27	13	WS	1.9	1.2	2.1	0.1	5	30.2			1.03	65
TC	27	14	WS	NA	NA	3.6	1	4.9	14.5			1.14	41
TC	29	8	WS	1.4	4.1	4.8	8	11	59.8	1.17	82		
TC	29	9	WS	1.7	2.5	3.9	7.1	10.5	62.6	1.2	81		
TC	29	10	WS	1.6	1.6	0.3	2.5	2.2	17.8	0.4	22		
TC	29	11	WS	1.9	2.2	3.9	5.8	8.5	46.9	1	61	1.36	61
TC	29	12	WS	2.2	3.1	3.5	5.5	10.6	61.6	1.7	102	2.37	134
TC	29	13	WS	2.9	10.1	3.9	9	7	54.2	1.5	79	1.33	104
TC	29	14	WS	1.5	2.8	3.2	1.9	7.8	43.1	1	54	1.46	59
DC	30	8	WS	3.5	10	5.5	8.6	9.5	54.8	1.9	74	2.31	97
DC	30	9	WS	2.8	0	8.4	4	12.7	68.1	1.5	102	2.51	148
DC	30	10	WS	2.5	6.1	5.8	5.5	11.5	61.1	1.4	70	1.86	94
DC	30	11	WS	3.3	2.2	7.4	4.8	13	69.5	1.5	98	3.09	136
DC	30	12	WS	2.2	6	4.5	4.5	12.1	67.9	1.9	92	2.22	148
DC	30	13	WS	1.8	4.7	6	3.1	13.5	66.1	1.7	95	2.7	130
DC	30	14	WS	3.2	3.6	6.2	3.1	16.2	79.6	2.2	101	3.12	135
DC	31	8	WS	1.9	10	7.8	9	11.1	59.2	1.5	70	2.49	93
DC	31	9	WS	2.2	4.6	5.6	6	13.5	69.5	1.5	99	2	129
DC	31	10	WS	3	13	6.9	9	12.2	66.2	1.6	82	1.9	108
DC	31	11	WS	NA	NA	NA	NA	NA	NA	NA	NA	NA	NA
DC	31	12	WS	2.6	10	5.3	8.5	17	69.2	1.4	95	1.82	132
DC	31	13	WS	3.6	13.4	8.7	16	14	76.6	1.7	95	2.1	112
DC	31	14	WS	2.9	9.5	6.2	8.5	16.1	74	2.1	90	2.66	127
DC	34	8	WS	1.6	1.5	1.5	2	4.6	25	NA	NA	NA	NA
DC	34	9	WS	2	1.6	1.6	4	3.2	17	0.5	20	0.73	24
DC	34	10	WS	1.5	2	3.2	1	3.6	24.8	0.5	30	0.88	39
DC	34	11	WS	1.5	1.1	3.2	1	5.1	24	0.8	25	0.99	40
DC	34	12	WS	1.2	1.2	2	1.2	3.4	16.2	0.8	26	0.5	38
DC	34	13	WS	1.6	1.7	1.7	2.5	4.6	24.5	0.6	28	0.86	31
DC	34	14	WS	1.4	1.6	2	1	NA	NA	NA	NA	NA	NA
DC	35	8	WS	1.1	2.5	2.1	1	4.1	30.4	0.4	37	0.86	50
DC	35	9	WS	1.2	1	3.1	2	3.3	20			1.71	100
DC	35	10	WS	1.4	3.5	3.1	1.5	8.7	55.5	1.2	97	1.83	118
DC	35	11	WS	1.7	2.6	3.2	5	9.81	52.4	1.6	92	2.42	115
DC	35	12	WS	1.7	1.7	3.2	0.5	8.9	47	1	70	1.6	73
DC	35	13	WS	3.3	9.2	3.8	8	9.5	58	1.3	76	1.88	86
DC	35	14	WS	1.8	0	2.5	2	NA	NA	0.7	56	0.82	88
DC	37	8	WS	2.1	0	6.4	2.5	2.2	17.2	0.2	13	0.41	20
DC	37	9	WS	1.7	2	2.2	1	3.6	26.1	0.5	37	0.74	45
DC	37	10	WS	1.5	5	4.9	4.5	5	35	0.5	35	0.68	48
DC	37	11	WS	1	2.5	2.6	4	3.7	21.5	0.4	20	0.47	25
DC	37	12	WS	2.2	1.8	2.1	4	3.5	20.4	0.5	15	0.76	32
DC	37	13	WS	2.2	8	4.5	6.5	5.9	34	0.8	38	1.04	73
DC	37	14	WS	1.1	0.7	1.4	2	NA	NA			0.3	20
DC	39	8	WS	1.6	2.5	4.5	1.3	6.3	54.2	1.1	69	2.05	128
DC	39	9	WS	1.3	1.5	3.2	3.2	8.5	56.6	1.2	119	2.12	131
DC	39	10	WS	1.6	2.5	4.2	5	8.7	47.8	1	63	1.3	79
DC	39	11	WS	1.5	1.9	NA	NA	NA	NA	NA	NA	NA	NA
DC	39	12	WS	1.1	5.2	3.1	5	6.5	41.6	1.5	67	1.67	91
DC	39	13	WS	1.4	0	NA	NA	NA	NA	NA	NA	NA	NA
DC	39	14	WS	1.8	3.1	2.2	2	3.4	22.2	0.5	30	0.9	51
DC	40	8	WS	2	2.7	3.1	4	4.3	26.6	0.8	46	1.15	62
DC	40	9	WS	1.5	2	1.7	2	2.9	18.4	0.6	22	0.6	26
DC	40	10	WS	2.2	2.1	2	3	2.8	13.9	0.4	14	0.49	17
DC	40	11	WS	1.7	4	3.2	2.1	4.9	22.1	0.7	28	0.79	33
DC	40	12	WS	1.2	2.3	2.6	1.4	3.2	15.8	0.3	16	0.53	19
DC	40	13	WS	1.1	1.9	1.4	2.1	3.1	17.4	0.2	17	0.4	20
DC	40	14	WS	1.9	2.8	2.1	2.9	3.4	20.1	0.3	26	0.55	26
DC	42	8	WS	1.9	3.7	2.9	2.5	3.2	17	0.5	15	0.58	23
DC	42	9	WS	1.5	2	2.6	2	NA	NA	NA	NA	NA	NA
DC	42	10	WS	2.1	5.8	3.2	4	4	31	0.8	40	0.8	44
DC	42	11	WS	1.3	1.2	2.6	3.5	3	12.5	0.4	14	0.42	14
DC	42	12	WS	1.8	0	3.2	3	3.6	12.8	0.4	16	0.46	20
DC	42	13	WS	1.1	3.2	4	3	2.6	10	0.2	13	0.3	13
DC	42	14	WS	2.5	0.7	3.1	5	5	32.1	0.7	38	0.98	47
DC	44	8	WS	1.3	1.8	2.2	3	6.1	27.2	0.6	42	1	51
DC	44	9	WS	1.9	2.6	2.5	3.5	1	10.2	0.2	12	0.48	27
DC	44	10	WS	1.2	1.4	2.5	0.5	7.1	37.6	1.1	66	1.62	86
DC	44	11	WS	1.5	1.8	2.2	4	NA	NA	NA	NA	NA	NA
DC	44	12	WS	1	1.3	NA	NA	NA	NA	NA	NA	NA	NA
DC	44	13	WS	1.3	1.2	1.7	2.2	3.2	10.5	0.6	25	0.81	33
DC	44	14	WS	1.5	1.1	2.9	1.5	5.8	14.6	0.7	32	0.89	39
DC	46	8	WS	1.8	4.7	5.5	3	11.3	49.7	1.1	75	1.6	86
DC	46	9	WS	1.1	1.4	2.7	4	6.6	32.6	1.1	55	1.22	58
DC	46	10	WS	1.4	1.5	3.6	3.2	9.5	48.5	1.3	83	1.76	105
DC	46	11	WS	1.8	3	6.5	5	14	59.1	1.7	95	2.59	107
DC	46	12	WS	1.3	2	3.6	1	5.8	16.1	0.5	24	0.65	26
DC	46	13	WS	1.6	2.3	7	4	10.6	43.1	1.2	70	1.42	87
DC	46	14	WS	1.4	2.2	5	5	8	43.6	0.9	70	1.22	74
DC	49	8	WS	NA	NA	NA	NA	NA	NA	NA	NA		
DC	49	9	WS	1.8	1.5	4.1	5	9.1	48.1	NA	NA	1.74	93
DC	49	10	WS	1.7	0	2	0	6.2	21	NA	NA	0.91	61
DC	49	11	WS	1.9	2.5	3.3	5.5	9	35.1	NA	NA	1.73	91
DC	49	12	WS	1.4	2	4.5	1.5	7.6	40.5	NA	NA	2.62	106
DC	49	13	WS	1.3	1.5	2	4.2	5.1	42	NA	NA	1.24	77
DC	49	14	WS	1.4	0	0	0	NA	NA	NA	NA	1.19	69
DC	51	8	WS	4	9	7.5	10	10	54.6	NA	NA	1.76	85
DC	51	9	WS	1.8	2	3.5	3.5	4	16.4	NA	NA	0.54	23
DC	51	10	WS	2.5	0	3.7	3	7	29.5	NA	NA	1	42
DC	51	11	WS	1.8	2.4	4.2	6	9.6	38.2	NA	NA	1.22	63
DC	51	12	WS	1.9	0	3.7	4	6.8	28.6	NA	NA		
DC	51	13	WS	2	1.8	5.5	7	11	56.4	NA	NA	2.29	121
DC	51	14	WS	2	1	4.8	3	10.1	45.6	NA	NA	1.42	69
DC	53	8	WS	1	0	NA	NA	NA	NA	NA	NA		
DC	53	9	WS	1.3	5.2	4.3	8.1	9.4	60.2	NA	NA	1.4	103
DC	53	10	WS	1.3	1.5	2.9	4.9	8	52.1	NA	NA	1.34	102
DC	53	11	WS	1.7	8	5.5	9.1	12.5	64.6	NA	NA	2.11	138
DC	53	12	WS	1	7.2	2.7	7.2	5.4	51.7	NA	NA	0.89	96
DC	53	13	WS	2	7.5	5.3	16.5	9.6	38.6	NA	NA	1.66	112
DC	53	14	WS	1.2	4.2	4.3	6.2	8	33.2	NA	NA	0.6	93
DC	54	8	WS	1.1	2	NA	NA	NA	NA	NA	NA	NA	NA
DC	54	9	WS	1.9	1.5	2.1	0.5	2.8	13.1	0.4	20		
DC	54	10	WS	1.2	2.6	NA	NA	NA	NA	NA	NA	NA	NA
DC	54	11	WS	1.9	1.5	2.5	2	4.5	33.5	0.7		1.09	67
DC	54	12	WS	1.4	2	NA	NA	NA	NA	NA	NA	NA	NA
DC	54	13	WS	1.9	2.1	3.7	3	5.7	23.5	0.9	28	0.9	41
DC	54	14	WS	1.7	2	NA	NA	NA	NA	NA	NA	NA	NA
BF	61	8	WS	1.4	0.8	4.4	1.5	6.4	17.9	0.6	16		
BF	61	9	WS	1.9	2.3	3.1	1	5.4	33.3	0.9	37		
BF	61	10	WS	2.4	0	4.6	1.3	NA	NA	NA	NA	NA	NA
BF	61	11	WS	2.2	1.8	3.7	2.5	7.4	32.1	0.8	36	1.19	50
BF	61	12	WS	1.2	0	NA	NA	NA	NA	NA	NA	NA	NA
BF	61	13	WS	1.1	0.8	3.8	0.5	2.2	23.2	0.4	27	0.65	40
BF	61	14	WS	1.4	1.8	2.3	1	3.6	30.6	0.8	43	1.39	83
BF	62	8	WS	1.3	4.4	4.2	4.5	6.1	33.3	0.7	36		
BF	62	9	WS	1.1	1.1	4.3	1	6.8	37.4	0.9	41		
BF	62	10	WS	1.5	1	4.4	0.7	4.6	18	0.7	22		
BF	62	11	WS	1.9	1.9	4.9	2	4.1	25.6	0.5	30	0.77	36
BF	62	12	WS	1.7	0	4.4	0.5	6.7	24.4	0.8	28		
BF	62	13	WS	1.5	1.3	3.3	1	3.9	24.9	0.6	35	0.82	46
BF	62	14	WS	1.6	6	5.9	9	7.5	42	0.8	40	1	49
BF	63	8	WS	1.2	0	3.4	0	2.4	10.2	0.3	10		
BF	63	9	WS	1.3	0	3.4	0.5	3.9	21.3	0.4	23		
BF	63	10	WS	1.3	6	5.7	7.5	6.4	35.8	0.6	33		
BF	63	11	WS	3.3	2	3.3	1.3	3.4	22.6	0.5	23	0.75	28
BF	63	12	WS	1.8	1.6	3.2	4	4.8	39.4	0.5	46	1	56
BF	63	13	WS	1.3	1.2	NA	NA	NA	NA	NA	NA	NA	NA
BF	63	14	WS	1.4	0	3.4	3	4.7	36.4	0.7	41	1.02	63
BF	76	8	WS	2.4	13.9	5.3	11	7.5	60.1	0.9	72		
BF	76	9	WS	4.5	13.6	6.2	17	13.8	95.6	1.6	128		
BF	76	10	WS	3.1	13.5	11.1	10	10.3	120.3	1.2	111		
BF	76	11	WS	3.5	3.9	9.1	7	14.1	86.9	1.6	90	2.24	198
BF	76	12	WS	5.2	12.5	10.4	12	11.8	96.5	1.5	117	1.71	134
BF	76	13	WS	2	4	5.9	6	7.8	72.9	1.6	80	1.3	97
BF	76	14	WS	NA	NA	NA	NA	NA	NA	NA	NA	NA	NA
BF	78	8	WS	1.3	0.8	2.7	1.3	3.7	17.4	0.4	13	0.41	15
BF	78	9	WS	1.5	2.9	4.7	9	NA	NA	NA	NA	NA	NA
BF	78	10	WS	1.9	2.5	3	2.3	5	41.1	0.6	41	0.78	44
BF	78	11	WS	2.7	3.5	5.7	11.2	9.6	56.9	1.4	70	1.55	78
BF	78	12	WS	1.4	1.4	2.6	1.2	NA	NA	NA	NA	NA	NA
BF	78	13	WS	1.8	2.6	5.1	4.6	7.2	51.6	1.4	62	1.44	82
BF	78	14	WS	1.5	1.5	4.8	2.9	NA	NA	NA	NA	NA	NA
BF	79	8	WS	1.6	0	3.4	0.6	6.8	55.2	1.1	67		
BF	79	9	WS	2.2	3.3	3	2.3	5	49.5	0.7	57		
BF	79	10	WS	1.9	3.2	3	4.8	9.6	51.5	1.1	67		
BF	79	11	WS	4.1	7.7	5	3.1	8.1	71.7	0.9	76	1.31	106
BF	79	12	WS	2.3	2.8	3.5	3.9	9.5	66.1	1.1	88	1.7	140
BF	79	13	WS	1.9	4.5	3.9	11.2	9.6	95.4	1.1	119	1.62	172
BF	79	14	WS	3	6.9	6.5	2.8	15.9	114.1	2.1	130	2.94	167
BF	81	8	WS	3	10.5	7.4	19.4	11.4	74	1.6	92		
BF	81	9	WS	2	2.9	4.2	4.4	5.7	47.8	0.8	56		
BF	81	10	WS	1.5	1.5	3.5	1.4	4.2	27.8	0.5	30		
BF	81	11	WS	1.7	3.5	3.7	4.5	6.5	48	1.7	52	1.17	89
BF	81	12	WS	2.1	2.4	5.8	11	11.2	73.5	1.8	91	2.25	174
BF	81	13	WS	2.3	2.5	3.8	2.5	6.5	42.8	0.7	51	1.12	82
BF	81	14	WS	2.8	4.9	4.4	1.9	8.4	53.5	1.1	52	1.24	78
BF	84	8	WS	1.6	1.5	2.9	2.5	NA	NA	NA	NA	NA	NA
BF	84	9	WS	1.8	0.8	2.2	0.6	NA	NA	NA	NA	NA	NA
BF	84	10	WS	1.6	1.5	2.7	1.1	NA	NA	NA	NA	NA	NA
BF	84	11	WS	1.6	1.6	2.5	0.6	NA	NA	NA	NA	NA	NA
BF	84	12	WS	2	1.5	3.1	1	NA	NA	NA	NA	NA	NA
BF	84	13	WS	2.3	1.2	2	0.9	5.8	44.5	1	57	1.17	80
BF	84	14	WS	1.3	1.2	1.1	0.6	NA	NA	NA	NA	NA	NA
BF	86	8	WS	1.8	4.5	2.6	3.5	4.8	36.9				
BF	86	9	WS	2.4	2.9	3.4	4	6.9	45.6	1.1	48		
BF	86	10	WS	2	2.5	3.8	7	6.5	26.8	0.6	186		
BF	86	11	WS	2.9	5.1	3.9	7	8.1	58.2	1	72	1.4	88
BF	86	12	WS	2.5	4.3	4.5	4.5	5.8	43.6	0.6	48	0.88	63
BF	86	13	WS	3	9.5	10	10	7.8	69.9	1	75	1.31	109
BF	86	14	WS	NA	NA	NA	NA	NA	NA	NA	NA	NA	NA
BF	87	8	WS	4	18.4	5.2	10	9.9	50.8	1.6	74		
BF	87	9	WS	2.1	3.5	3.3	3	5.9	49.8	0.7	57		
BF	87	10	WS	2.2	4	2.9	4	9.9	23.1	0.4	27		
BF	87	11	WS	2.4	8.5	2.9	4.5	5.8	54.6	0.7	65	0.88	90
BF	87	12	WS	3.4	6.8	6.1	14.5	10.7	56	1.3	71	1.46	120
BF	87	13	WS	2.3	4	3.2	4	4.9	34.4	0.5	43	0.92	68
BF	87	14	WS	2.1	2.5	2.6	3.5	7.1	40.6	0.6	44	1	69
BF	91	8	WS	1.4	0.5	NA	NA	NA	NA	NA	NA	NA	NA
BF	91	9	WS	3	9.7	9.3	10	10.1	37.2	1.1	34	1.19	32
BF	91	10	WS	1.5	0.8	3.4	1	2.3	15	0.3	19		
BF	91	11	WS	1.6	1.2	4	1	NA	NA	NA	NA	NA	NA
BF	91	12	WS	1.5	0.7	2.9	0	NA	NA	NA	NA	NA	NA
BF	91	13	WS	1.1	0.7	1.2	2	3.3	20.5	0.4	21	0.5	29
BF	91	14	WS	1.5	1.5	4.8	0.5	4.6	20.9	0.4	21	0.59	27
BF	92	8	WS	1.7	1.2	3.4	1	2.5	14.2	0.3	12		
BF	92	9	WS	1.5	0	2.1	1	4	18.1	0.5	21		
BF	92	10	WS	2.1	2.7	4.7	2.5	6.8	45.8	0.8	51		
BF	92	11	WS	2.2	1.7	4.8	1.5	8.4	39.5	1.3	48	1.79	74
BF	92	12	WS	2.8	4.2	4.5	4.5	6.5	50.1	1	56	1.21	65
BF	92	13	WS	1.8	5.8	5.9	6	13.6	99.5	2.1	132	3.49	177
BF	92	14	WS	2.8	8.2	7.4	11	15.8	84.5	1.6	84	2.45	135
